Notering;Titel;Artiest;Jaar
1;Bohemian Rhapsody;Queen;1975
2;Child in time;Deep Purple;1972
3;Hotel California;Eagles;1977
4;Stairway to heaven;Led Zeppelin;1971
5;Paradise by the dashboard light;Meat Loaf;1978
6;The house of the rising sun;The Animals;1964
7;Private investigations;Dire Straits;1982
8;Old and wise;The Alan Parsons Project;1982
9;Brothers in arms;Dire Straits;1985
10;Riders on the storm;The Doors;1971
11;Imagine;John Lennon;1971
12;Angie;The Rolling Stones;1973
13;Whole lotta Rosie;AC/DC;1978
14;School;Supertramp;1974
15;Hey Jude;The Beatles;1968
16;Sultans of swing;Dire Straits;1978
17;November rain;Guns N' Roses;1992
18;Goodnight Saigon;Billy Joel;1983
19;The river;Bruce Springsteen;1981
20;A whiter shade of pale;Procol Harum;1967
21;Halo of flies;Alice Cooper;1973
22;Who wants to live forever;Queen;1986
23;Nights in white satin;Moody Blues;1968
24;Sunday bloody sunday;U2;1985
25;Avond;Boudewijn de Groot;1997
26;Another Brick in the Wall (part two);Pink Floyd;1979
27;Radar love;Golden Earring;1973
28;Sympathy for the devil;The Rolling Stones;1973
29;Wish you were here;Pink Floyd;1975
30;Yesterday;The Beatles;1965
31;Testament;Boudewijn de Groot;1967
32;Bridge over troubled water;Simon & Garfunkel;1970
33;Shine on you crazy diamond;Pink Floyd;1975
34;Tears in heaven;Eric Clapton;1992
35;With or without you;U2;1987
36;Niet of nooit geweest;Acda en De Munnik;1998
37;Music;John Miles;1976
38;Het dorp;Wim Sonneveld;1974
39;Africa;Toto;1982
40;Pastorale;Ramses Shaffy & Liesbeth List;1969
41;Dancing queen;ABBA;1976
42;Losing my religion;R.E.M.;1991
43;The rose;Bette Midler;1980
44;Oude Maasweg;The Amazing Stroopwafels;1982
45;Dreadlock holiday;10cc;1978
46;You can't always get what you want;The Rolling Stones;1969
47;Let it be;The Beatles;1970
48;The last resort;Eagles;1976
49;Stil in mij;Van Dik Hout;1994
50;Over de muur;Klein Orkest;1984
51;Summer of '69;Bryan Adams;1990
52;Paranoid;Black Sabbath;1970
53;I'm not in love;10cc;1975
54;I put a spell on you;Creedence Clearwater Revival;1972
55;Year of the cat;Al Stewart;1977
56;The unforgettable fire;U2;1985
57;Liefs uit Londen;BLØF;1998
58;Piano man;Billy Joel;1974
59;Worn down piano;Mark & Clark Band;1977
60;Paint it black;The Rolling Stones;1966
61;Everybody hurts;R.E.M.;1993
62;Belfast child;Simple Minds;1989
63;Heroes;David Bowie;1977
64;The sound of silence;Simon & Garfunkel;1966
65;The day before you came;ABBA;1982
66;Hurricane;Bob Dylan;1975
67;A forest;The Cure;1980
68;Mr. Blue Sky;Electric Light Orchestra;1978
69;Forever young;Alphaville;1984
70;Jeanny;Falco;1985
71;Go your own way;Fleetwood Mac;1977
72;Verdronken vlinder;Boudewijn de Groot;1970
73;Kayleigh;Marillion;1985
74;Somebody to love;Queen;1976
75;(I can't get no) satisfaction;The Rolling Stones;1965
76;Sebastian;Steve Harley & Cockney Rebel;1973
77;Smoke on the water;Deep Purple;1973
78;Morning has broken;Cat Stevens;1972
79;Take on me;a-ha;1985
80;The load-out/stay;Jackson Browne;1977
81;In the air tonight;Phil Collins;1981
82;De vlieger;André Hazes;1977
83;Good vibrations;The Beach Boys;1966
84;Window of my eyes;Cuby + Blizzards;1968
85;Harder dan ik hebben kan;BLØF;1999
86;Desperado;Eagles;1973
87;Papa;Stef Bos;1991
88;I still haven't found what I'm looking for;U2;1987
89;When the lady smiles;Golden Earring;1984
90;Born to run;Bruce Springsteen;1975
91;Welterusten, meneer de president;Boudewijn de Groot;1966
92;Where the Streets Have No Name;U2;1987
93;No woman, no cry;Bob Marley & The Wailers;1975
94;Eagle;ABBA;1978
95;Wuthering heights;Kate Bush;1978
96;A horse with no name;America;1972
97;Love of my life;Queen;1975
98;A day in the life;The Beatles;1967
99;Nothing else matters;Metallica;1992
100;Bright eyes;Art Garfunkel;1979
101;Owner of a lonely heart;Yes;1983
102;Mama;Genesis;1983
103;The winner takes it all;ABBA;1980
104;Space oddity;David Bowie;1969
105;De kapitein deel II;Acda en De Munnik;2000
106;Oerend hard;Normaal;1977
107;Overcome;Live;2001
108;I want to break free;Queen;1984
109;More than a feeling;Boston;1977
110;God only knows;The Beach Boys;1966
111;Born in the USA;Bruce Springsteen;1985
112;New Year's Day;U2;1983
113;Light my fire;The Doors;1967
114;Angels;Robbie Williams;1998
115;Like a hurricane;Neil Young;1977
116;Jimmy;Boudewijn de Groot;1973
117;Eloise;Barry Ryan;1968
118;Fragile;Sting;1988
119;If You Leave Me Now;Chicago;1976
120;Purple rain;Prince & The Revolution;1984
121;Aan de kust;BLØF;1998
122;The end;The Doors;1967
123;Troy;Sinéad O'Connor;1987
124;Total Eclipse of the Heart;Bonnie Tyler;1983
125;School's out;Alice Cooper;1972
126;Pride (in the name of love);U2;1984
127;Voor haar;Frans Halsema;1977
128;How you gonna see me now;Alice Cooper;1979
129;Don't you (forget about me);Simple Minds;1985
130;Suspicious minds;Elvis Presley;1969
131;(Everything I do) I do it for you;Bryan Adams;1991
132;Whole lotta love;Led Zeppelin;1969
133;Ne me quitte pas;Jacques Brel;1965
134;Have I told you lately;Van Morrison;1989
135;Go like Elijah;Chi Coltrane;1973
136;Roll over lay down;Status Quo;1975
137;The Fool on the Hill;The Beatles;1967
138;Vienna;Ultravox;1981
139;Kronenburg park (Ga die wereld uit);Frank Boeijen Groep;1985
140;I want you;Elvis Costello;1986
141;Twilight zone;Golden Earring;1982
142;Saturday night;Herman Brood & His Wild Romance;1978
143;Always;Bon Jovi;1994
144;Proud Mary;Ike & Tina Turner;1971
145;Knockin' on heaven's door;Guns N' Roses;1992
146;All along the watchtower;Jimi Hendrix Experience;1968
147;Margherita;Marco Borsato;1996
148;Heart of gold;Neil Young;1972
149;Als ze er niet is;De Dijk;1994
150;Teach your children;Crosby, Stills, Nash & Young;1970
151;No Reply;The Beatles;1965
152;I was made for lovin' you;Kiss;1979
153;Against all odds (take a look at me now);Phil Collins;1984
154;Killer Queen;Queen;1974
155;White Rabbit;Jefferson Airplane;1970
156;Wonderful tonight;Eric Clapton;1988
157;Ruthless queen;Kayak;1979
158;The logical song;Supertramp;1979
159;Streets of Philadelphia;Bruce Springsteen;1994
160;Barcelona;Freddie Mercury & Montserrat Caballé;1987
161;Dust in the wind;Kansas;1978
162;Don't stop me now;Queen;1979
163;Hey Joe;Jimi Hendrix Experience;1967
164;California dreamin';The Mamas and the Papas;1966
165;Easy Livin';Uriah Heep;1973
166;Sara;Fleetwood Mac;1980
167;The Wall Street Shuffle;10cc;1974
168;In the ghetto;Elvis Presley;1969
169;With a little help from my friends;Joe Cocker;1968
170;Gimme all your lovin';ZZ Top;1984
171;Zelfs je naam is mooi;Henk Westbroek;1998
172;Don't give up;Kate Bush & Peter Gabriel;1986
173;Walk of life;Dire Straits;1985
174;The boxer;Simon & Garfunkel;1969
175;Everytime I think of you;The Babys;1979
176;Samba pa ti;Santana;1973
177;Wind of change;Scorpions;1991
178;We will rock you;Queen;1977
179;Brown eyed girl;Van Morrison;1967
180;The final countdown;Europe;1986
181;Me and Bobby McGee;Janis Joplin;1971
182;Question;Moody Blues;1970
183;Dancing in the dark;Bruce Springsteen;1984
184;Every breath you take;The Police;1983
185;Under pressure;David Bowie & Queen;1981
186;Solsbury Hill;Peter Gabriel;1977
187;Graceland;Paul Simon;1987
188;Layla;Eric Clapton;1992
189;On the border;Al Stewart;1977
190;While my guitar gently weeps;The Beatles;1968
191;Albatross;Fleetwood Mac;1969
192;You ain't seen nothin' yet;Bachman-Turner Overdrive;1974
193;MacArthur Park;Richard Harris;1968
194;Roundabout;Yes;1972
195;Blowin' in the wind;Bob Dylan;1963
196;Woman in love;Barbra Streisand;1980
197;In nije dei;De Kast;1997
198;Livin' on a prayer;Bon Jovi;1986
199;Eternal Flame;The Bangles;1989
200;I want to know what love is;Foreigner;1984
201;Bad moon rising;Creedence Clearwater Revival;1969
202;I would stay;Krezip;2000
203;Radio Ga Ga;Queen;1984
204;Our house;Crosby, Stills, Nash & Young;1970
205;Lola;The Kinks;1970
206;Down Under;Men at Work;1982
207;Need Your Love So Bad;Fleetwood Mac;1968
208;The lady in red;Chris de Burgh;1986
209;Like the Way I Do;Melissa Etheridge;1989
210;Du;Peter Maffay;1971
211;She's always a woman;Billy Joel;1978
212;Don't Answer Me;The Alan Parsons Project;1984
213;Denis;Blondie;1978
214;Strawberry fields forever;The Beatles;1967
215;Like a Rolling Stone;Bob Dylan;1965
216;Nothing compares 2 U;Sinéad O'Connor;1990
217;Leningrad;Billy Joel;1989
218;Just a little bit of peace in my heart;Golden Earring;1968
219;She's not there;Santana;1978
220;The Long and Winding Road;The Beatles;1970
221;Roxanne;The Police;1979
222;Red River Rock;Johnny and the Hurricanes;1960
223;We Are the Champions;Queen;1977
224;Such a Shame;Talk Talk;1984
225;Another day in paradise;Phil Collins;1989
226;Careless Whisper;George Michael;1984
227;Kiss from a Rose;Seal;1994
228;Rose Garden;Lynn Anderson;1971
229;She;Charles Aznavour;1974
230;Fantasy;Earth, Wind & Fire;1978
231;Perfect day;Lou Reed;1972
232;Het Land van Maas en Waal;Boudewijn de Groot;1967
233;See Me, Feel Me;The Who;1970
234;Englishman in New York;Sting;1988
235;Luna;Alessandro Safina;2000
236;Who'll Stop the Rain;Creedence Clearwater Revival;1970
237;Father and Son;Cat Stevens;1971
238;My Heart Will Go On;Céline Dion;1998
239;Thriller;Michael Jackson;1983
240;Sloop John B;The Beach Boys;1966
241;Wêr bisto;Twarres;2000
242;Follow You Follow Me;Genesis;1978
243;Mag het licht uit;De Dijk;1987
244;Limburg (kwestie van geduld);Rowwen Hèze;1996
245;Maid of Orleans;O.M.D.;1982
246;Jump;Van Halen;1984
247;Unchained Melody;The Righteous Brothers;1965
248;Conquest of paradise;Vangelis;1995
249;Almost cut my hair;Crosby, Stills, Nash & Young;1971
250;Give up your guns;The Buoys;1972
251;Con te partirò;Andrea Bocelli;1996
252;Money for nothing;Dire Straits;1985
253;Hocus pocus;Focus;1971
254;Geen kind meer;Karin Bloemen;1996
255;Stayin' alive;Bee Gees;1978
256;I'm outta love;Anastacia;2000
257;Tubular Bells;Mike Oldfield;1974
258;Here comes the sun;The Beatles;1969
259;Gimme shelter;The Rolling Stones;1969
260;I'd Do Anything for Love (But I Won't Do That);Meat Loaf;1993
261;Oh well (part 1);Fleetwood Mac;1969
262;Prikkebeen;Boudewijn de Groot en Elly Nieman;1968
263;So Long;Fischer-Z;1980
264;Rain and tears;Aphrodite's Child;1968
265;Still got the blues;Gary Moore;1990
266;I Will Follow;U2;1982
267;Thank you for the music;ABBA;1978
268;To make my life beautiful;Alex Harvey;1972
269;Romeo and Juliet;Dire Straits;1980
270;Bloedend hart;De Dijk;1982
271;How Deep Is Your Love;Bee Gees;1977
272;Get Back;The Beatles;1969
273;Vincent;Don McLean;1972
274;Still loving you;Scorpions;1987
275;Tom Traubert's blues (Four sheets to the wind in Copenhagen);Tom Waits;1976
276;You;Ten Sharp;1991
277;Vous permettez, monsieur?;Adamo;1964
278;Nothing Rhymed;Gilbert O'Sullivan;1971
279;Summertime;Brainbox;1969
280;In a Lifetime;Clannad & Bono;1986
281;Message to my girl;Split Enz;1984
282;Land of Confusion;Genesis;1986
283;Fields of gold;Sting;1993
284;Storm and Thunder;Earth & Fire;1971
285;Eve of destruction;Barry McGuire;1965
286;Whatever you want;Status Quo;1979
287;Zeg me dat het niet zo is;Frank Boeijen Groep;1990
288;Norwegian wood;The Beatles;1965
289;The man with the child in his eyes;Kate Bush;1978
290;Through the barricades;Spandau Ballet;1986
291;In-a-gadda-da-vida;Iron Butterfly;1970
292;Last Christmas;Wham!;1984
293;Money;Pink Floyd;1973
294;Band on the run;Paul McCartney & Wings;1974
295;Massachusetts;Bee Gees;1967
296;Papa Was a Rollin' Stone;The Temptations;1972
297;Sailing;Rod Stewart;1975
298;Do They Know It's Christmas?;Band Aid;1984
299;The whole of the moon;The Waterboys;1986
300;Have You Ever Seen the Rain?;Creedence Clearwater Revival;1971
301;White Room;Cream;1968
302;Memory;Barbra Streisand;1982
303;Overture;The Who;1969
304;Zing, vecht, huil, bid, lach, werk en bewonder;Ramses Shaffy;1971
305;Think;Aretha Franklin;1968
306;Stop loving you;Toto;1988
307;Your song;Elton John;1971
308;Josephine;Chris Rea;1985
309;Russians;Sting;1985
310;American pie;Don McLean;1972
311;I'm Going Home;Ten Years After;1971
312;Jessica;The Allman Brothers Band;1976
313;Billie Jean;Michael Jackson;1983
314;Appleknockers Flophouse;Cuby + Blizzards;1969
315;Binnen zonder kloppen;De Dijk;1985
316;Een meisje van 16;Boudewijn de Groot;1965
317;Heaven;Bryan Adams;1985
318;Moonlight Shadow;Mike Oldfield & Maggie Reilly;1983
319;Moondance;Van Morrison;1970
320;Foolish Games;Jewel;1997
321;Mull of Kintyre;Paul McCartney & Wings;1977
322;Penny Lane;The Beatles;1967
323;Tell Him;Céline Dion & Barbra Streisand;1997
324;Mr. Tambourine Man;The Byrds;1965
325;Can't get it out of my head;Electric Light Orchestra;1975
326;Locomotive Breath;Jethro Tull;1972
327;Foto van vroeger;Rob de Nijs;1980
328;One way wind;The Cats;1971
329;It's so easy;Linda Ronstadt;1977
330;Blackbird;The Beatles;1968
331;My way;Frank Sinatra;1969
332;Don't Dream It's Over;Crowded House;1987
333;Musica è;Eros Ramazzotti;1989
334;She Flies on Strange Wings;Golden Earring;1971
335;River Deep - Mountain High;Ike & Tina Turner;1966
336;Alive and Kicking;Simple Minds;1985
337;Suzie Q;Creedence Clearwater Revival;1968
338;The Boys of Summer;Don Henley;1985
339;Words;Bee Gees;1968
340;What It Is;Mark Knopfler;2000
341;This Guy's in Love with You;Herb Alpert;1968
342;Wereld zonder jou;Marco Borsato & Trijntje Oosterhuis;1997
343;The Best;Tina Turner;1989
344;(Sittin' on) the dock of the bay;Otis Redding;1968
345;99 Luftballons;Nena;1983
346;Why;Annie Lennox;1992
347;Blauw;The Scene;1991
348;Black magic woman;Santana;1970
349;Jumpin' Jack Flash;The Rolling Stones;1968
350;Another 45 miles;Golden Earring;1969
351;L.A. woman;The Doors;1971
352;Wild horses;The Rolling Stones;1971
353;Tunnel of Love;Dire Straits;1980
354;Give a little bit;Supertramp;1977
355;Sweet home Alabama;Lynyrd Skynyrd;1974
356;Suzanne;Herman van Veen;1969
357;The sun always shines on t.v.;a-ha;1986
358;Knockin' on heaven's door;Bob Dylan;1973
359;Runnin' with the Devil;Van Halen;1980
360;Dreamer;Supertramp;1974
361;Listen to the Music;The Doobie Brothers;1972
362;Honky Tonk Women;The Rolling Stones;1969
363;I'm on fire;Bruce Springsteen;1985
364;One of these nights;Eagles;1975
365;Dodenrit;Drs. P;1974
366;32 jaar (Sinds 1 dag of 2);Doe Maar;1981
367;Everybody Needs Somebody to Love;The Blues Brothers;1989
368;Nikita;Elton John;1985
369;I Am... I Said;Neil Diamond;1971
370;Sgt. Pepper's Lonely Hearts Club Band;The Beatles;1967
371;Private dancer;Tina Turner;1984
372;Eleanor Rigby;The Beatles;1966
373;Waiting on a Friend;The Rolling Stones;1981
374;She's the one;Robbie Williams;1999
375;My Sweet Lord;George Harrison;1970
376;Het werd zomer;Rob de Nijs;1977
377;My generation;The Who;1965
378;Daar gaat ze;Clouseau;1990
379;The Wind Cries Mary;Jimi Hendrix Experience;1967
380;Eye of the Tiger;Survivor;1982
381;Down down;Status Quo;1975
382;Chiquitita;ABBA;1979
383;Always on my mind;Elvis Presley;1972
384;Roof garden;Al Jarreau;1982
385;Lucky Man;Emerson, Lake & Palmer;1971
386;Like a prayer;Madonna;1989
387;Into Temptation;Crowded House;1989
388;Michelle;The Beatles;1966
389;Pinball Wizard;The Who;1969
390;It's All Over Now;The Rolling Stones;1964
391;Is She Really Going Out with Him?;Joe Jackson;1979
392;A kind of magic;Queen;1986
393;Mijn vlakke land;Jacques Brel;1965
394;25 or 6 to 4;Chicago;1970
395;Love Hurts;Nazareth;1974
396;Aquarius/Let the sunshine in;The 5th Dimension;1969
397;Real Men;Joe Jackson;1982
398;Laat me;Ramses Shaffy;1978
399;You're the first, the last, my everything;Barry White;1974
400;Suzanne;Leonard Cohen;1968
401;Banger hart;Rob de Nijs;1996
402;Halt mich;Herbert Grönemeyer;1988
403;Chan Chan;Buena Vista Social Club;1997
404;Tuesday afternoon;Moody Blues;1968
405;Candle in the wind '97;Elton John;1997
406;Proud Mary;Creedence Clearwater Revival;1969
407;Love is all;Roger Glover & Guests;1975
408;Won't Get Fooled Again;The Who;1971
409;Respect;Aretha Franklin;1967
410;Message in a bottle;The Police;1979
411;Lust for life;Iggy Pop;1977
412;Make me smile (come up and see me);Steve Harley & Cockney Rebel;1975
413;The power of love;Frankie Goes to Hollywood;1984
414;Spicks and Specks;Bee Gees;1967
415;Binnen;Marco Borsato;1999
416;7 Seconds;Youssou N'Dour & Neneh Cherry;1994
417;Theme from 'Harry's Game';Clannad;1983
418;Take Me Home, Country Roads;John Denver;1971
419;Down Man;Brainbox;1969
420;Il volo;Zucchero Fornaciari;1996
421;Woorden zonder woorden;De Kast;1998
422;Fernando;ABBA;1976
423;It's a Long Way There;Little River Band;1976
424;Rosanna;Toto;1982
425;Golden Brown;The Stranglers;1982
426;Big in Japan;Alphaville;1984
427;Alles geprobeerd;Het Goede Doel;1986
428;My boy;Elvis Presley;1975
429;Too Much Love Will Kill You;Brian May;1992
430;Hello;Lionel Richie;1984
431;Mandy;Barry Manilow;1974
432;Orinoco Flow (Sail Away);Enya;1988
433;The Girl from Ipanema;Astrud Gilberto;1964
434;I Heard It Through the Grapevine;Creedence Clearwater Revival;1973
435;Vivo per lei;Andrea Bocelli & Giorgia;1996
436;Nescio;Nits;1983
437;Walk on the wild side;Lou Reed;1973
438;Beautiful people;Melanie;1969
439;You're my best friend;Queen;1976
440;I say a little prayer;Aretha Franklin;1968
441;Smalltown Boy;Bronski Beat;1984
442;Liefde van later;Herman van Veen;1969
443;Expecting to fly;Buffalo Springfield;1971
444;Rich girl;Daryl Hall & John Oates;1977
445;Vluchten kan niet meer;Frans Halsema & Jenny Arean;1977
446;Ruby Tuesday;The Rolling Stones;1967
447;I'll Find My Way Home;Jon & Vangelis;1982
448;You Were My Friend;Chi Coltrane;1973
449;Dansen op de vulkaan;De Dijk;1987
450;Living doll;Cliff Richard & The Young Ones;1986
451;Eight miles high;The Byrds;1966
452;Ik heb je lief;Paul de Leeuw;1997
453;Have a Little Faith in Me;John Hiatt;1989
454;Peggy Sue;Buddy Holly;1957
455;Beat it;Michael Jackson;1983
456;Blueberry Hill;Fats Domino;1957
457;Ben ik te min;Armand;1967
458;Save a Prayer;Duran Duran;1985
459;Breakfast in America;Supertramp;1979
460;Guitar man;Bread;1972
461;So Lonely;The Police;1979
462;Biko;Peter Gabriel;1980
463;One of these days;Pink Floyd;1971
464;Ik leef niet meer voor jou;Marco Borsato;1996
465;Layla;Derek and the Dominos;1971
466;The air that I breathe;The Hollies;1974
467;België (is er leven op Pluto...);Het Goede Doel;1982
468;My hometown;Bruce Springsteen;1986
469;Ziggy Stardust;David Bowie;1972
470;Avalon;Roxy Music;1982
471;Red red wine;UB40;1983
472;New Kid in Town;Eagles;1977
473;Baker street;Gerry Rafferty;1978
474;Weather with You;Crowded House;1992
475;Jailhouse rock;Elvis Presley;1957
476;Get ready;Rare Earth;1970
477;Against the Wind;Bob Seger & The Silver Bullet Band;1980
478;How Can We Hang On to a Dream?;Tim Hardin;1967
479;Beautiful Noise;Neil Diamond;1976
480;You're so vain;Carly Simon;1973
481;Bring It on Home to Me;The Animals;1965
482;One step beyond;Madness;1979
483;Ik kan het niet alleen;De Dijk;1989
484;Beds Are Burning;Midnight Oil;1988
485;Non, non, rien n'a changé;Les Poppys;1971
486;Whiskey in the Jar;Thin Lizzy;1973
487;Never Tear Us Apart;INXS;1988
488;Dromen zijn bedrog;Marco Borsato;1994
489;Born to be wild;Steppenwolf;1968
490;Old man;Neil Young;1972
491;Fox on the Run;The Sweet;1975
492;He Ain't Heavy, He's My Brother;The Hollies;1969
493;The One I Love;R.E.M.;1987
494;Lea;The Cats;1968
495;Blue monday;New Order;1983
496;If;Bread;1971
497;The Free Electric Band;Albert Hammond;1973
498;Another One Bites the Dust;Queen;1980
499;Sylvia's Mother;Dr. Hook;1972
500;Fast car;Tracy Chapman;1988
501;Isn't It Time;The Babys;1977
502;Clap for the Wolfman;The Guess Who;1974
503;Happy New Year;ABBA;1980
504;Homburg;Procol Harum;1967
505;You've got a friend;Carole King;1971
506;Tombe la neige;Adamo;1964
507;Non, je ne regrette rien;Edith Piaf;1961
508;Tears in the Morning;The Beach Boys;1970
509;Baby, What a Big Surprise;Chicago;1978
510;Waarom nou jij;Marco Borsato;1994
511;She's Leaving Home;The Beatles;1967
512;Crazy;Seal;1991
513;Ich bin wie du;Marianne Rosenberg;1976
514;Little Green Bag;George Baker Selection;1969
515;Keep on Loving You;REO Speedwagon;1981
516;I Just Can't Help Believin';Elvis Presley;1972
517;Brown Sugar;The Rolling Stones;1971
518;Top of the World;The Carpenters;1973
519;Mrs. Robinson;Simon & Garfunkel;1968
520;Celluloid Heroes;The Kinks;1973
521;Be My Number Two;Joe Jackson;1984
522;As tears go by;The Rolling Stones;1966
523;Two out of Three Ain't Bad;Meat Loaf;1977
524;The thrill is gone;B.B. King;1969
525;Mainstreet;Bob Seger & The Silver Bullet Band;1977
526;Take Five;Dave Brubeck Quartet;1962
527;Lyin' Eyes;Eagles;1975
528;Gloria;Them;1967
529;De waarheid;Marco Borsato;1996
530;This is my life;Shirley Bassey;1979
531;The Ballroom Blitz;The Sweet;1973
532;She's a Rainbow;The Rolling Stones;1967
533;Tequila Sunrise;Eagles;1973
534;Driver's Seat;Sniff 'n' the Tears;1980
535;Let's get loud;Jennifer Lopez;2000
536;The road ahead (Miles of the unknown);City to City;1999
537;Sign “☮” the Times;Prince;1987
538;Slippery people (live);Talking Heads;1985
539;Night Fever;Bee Gees;1978
540;Vriendschap;Het Goede Doel;1983
541;Donna;10cc;1973
542;Bestel mar;Rowwen Hèze;1992
543;Come on Eileen;Dexys Midnight Runners;1982
544;Anne;Herman van Veen;1986
545;The Reflex;Duran Duran;1984
546;Driving Home for Christmas;Chris Rea;1986
547;So long Marianne;Leonard Cohen;1968
548;Fool to Cry;The Rolling Stones;1976
549;The last time;The Rolling Stones;1965
550;Help!;The Beatles;1965
551;I will always love you;Whitney Houston;1992
552;Black Night;Deep Purple;1970
553;Broken Wings;Mr. Mister;1986
554;Scarlet ribbons;The Cats;1969
555;All cried out;Alison Moyet;1985
556;Rhiannon (Will You Ever Win);Fleetwood Mac;1976
557;Love Her Madly;The Doors;1971
558;Rendez-vous 6.02;U.K.;1979
559;I've Seen All Good People;Yes;1971
560;She was naked;Supersister;1970
561;Earth song;Michael Jackson;1995
562;Lady D'Arbanville;Cat Stevens;1970
563;The Times They Are a-Changin';Bob Dylan;1965
564;Rivers of Babylon;Boney M.;1978
565;The weight;The Band;1968
566;Just can't get enough;Depeche Mode;1985
567;Heaven Must Be Missing an Angel;Tavares;1976
568;Touch Me;The Doors;1969
569;Een beetje verliefd;André Hazes;1981
570;Purple Haze;Jimi Hendrix Experience;1967
571;Lady Jane;The Rolling Stones;1966
572;Apache;The Shadows;1960
573;Little Red Rooster;The Rolling Stones;1965
574;What a Wonderful World;Louis Armstrong;1968
575;Venus;Shocking Blue;1969
576;I'm Mandy fly me;10cc;1976
577;Autobahn;Kraftwerk;1975
578;Hold the line;Toto;1979
579;I Am the Walrus;The Beatles;1967
580;It must have been love;Roxette;1990
581;More Than Words;Extreme;1991
582;Someone;Axis;1972
583;You've got a friend;James Taylor;1971
584;Onderweg;Abel;2000
585;Suite: Judy blue eyes;Crosby, Stills & Nash;1969
586;Don't stop;Fleetwood Mac;1977
587;Do it again;Steely Dan;1972
588;In Dreams;Roy Orbison;1963
589;Zeven Dagen Lang;Bots;1976
590;The Life I Live;Q65;1966
591;A salty dog;Procol Harum;1969
592;That ole devil called love;Alison Moyet;1985
593;Black velvet;Alannah Myles;1990
594;Psycho killer;Talking Heads;1978
595;Beast of Burden;Bette Midler;1984
596;In my life;The Beatles;1965
597;Lonely boy;Andrew Gold;1977
598;Lemon tree;Fool's Garden;1996
599;KL 204 (Als ik God was);Peter Koelewijn;1978
600;Sweet dreams;Eurythmics;1983
601;Crazy Little Thing Called Love;Queen;1979
602;Man! I Feel Like a Woman!;Shania Twain;1999
603;Relight My Fire;Dan Hartman;1980
604;Song of the marching children;Earth & Fire;1971
605;When I Was Young;The Animals & Eric Burdon;1967
606;Nights on Broadway;Bee Gees;1975
607;Waterloo;ABBA;1974
608;All you need is love;The Beatles;1967
609;In the year 2525 (exordium and terminus);Zager & Evans;1969
610;Unchain My Heart;Joe Cocker;1987
611;San Francisco (Be Sure to Wear Flowers in Your Hair);Scott McKenzie;1967
612;Stiekem gedanst;Toontje Lager;1983
613;Rikki don’t lose that number;Steely Dan;1974
614;Let Love Rule;Lenny Kravitz;1989
615;Big log;Robert Plant;1983
616;Bright side of the road;Van Morrison;1979
617;Cold as Ice;Foreigner;1977
618;Love Is All Around;Wet Wet Wet;1994
619;Malle Babbe;Rob de Nijs;1975
620;Relax;Frankie Goes to Hollywood;1984
621;Something;The Beatles;1969
622;De bestemming;Marco Borsato;1998
623;Shout;Tears for Fears;1985
624;Working Class Hero;John Lennon;1970
625;Let's Spend the Night Together;The Rolling Stones;1967
626;(Something Inside) So Strong;Labi Siffre;1987
627;I'll have to say I love you in a song;Jim Croce;1974
628;The Eve of the War;Jeff Wayne & Justin Hayward;1978
629;On the road again;Canned Heat;1968
630;House for sale;Lucifer;1975
631;Never be clever;Herman Brood & His Wild Romance;1979
632;Nathalie;Gilbert Bécaud;1964
633;China girl;David Bowie;1983
634;You're still the one;Shania Twain;1998
635;Eltse grins foarby;De Kast;1998
636;In the Dutch Mountains;Nits;1987
637;Complainte pour sainte Catherine;Anna & Kate McGarrigle;1976
638;Never Gonna Give You Up;Rick Astley;1987
639;Miss you;The Rolling Stones;1978
640;You Can Call Me Al;Paul Simon;1986
641;Why tell me why;Anita Meyer;1981
642;Carry on;Crosby, Stills, Nash & Young;1970
643;You Are So Beautiful;Joe Cocker;1975
644;I Don't Like Mondays;The Boomtown Rats;1979
645;I Started a Joke;Bee Gees;1969
646;Starlight dancer;Kayak;1977
647;Oh, pretty woman;Roy Orbison;1964
648;Love the one you're with;Stephen Stills;1970
649;You're the Voice;John Farnham;1987
650;I have a dream;ABBA;1979
651;When doves cry;Prince;1984
652;Drive;R.E.M.;1992
653;When you say nothing at all;Ronan Keating;1999
654;Annie's Song;John Denver;1976
655;Copacabana;Barry Manilow;1978
656;Nergens goed voor;De Dijk;1989
657;One of us;ABBA;1981
658;Take it easy;Eagles;1972
659;Marian;The Cats;1969
660;Easy Lover;Phil Collins & Philip Bailey;1985
661;Holding back the years;Simply Red;1985
662;Once in a Lifetime;Talking Heads;1981
663;Eldorado;Electric Light Orchestra;1974
664;Run to You;Bryan Adams;1985
665;The Worker;Fischer-Z;1979
666;Stir it up;Bob Marley & The Wailers;1979
667;Love is the drug;Roxy Music;1976
668;Crazy on You;Heart;1977
669;Because the Night;Patti Smith;1978
670;Tonight;David Bowie & Tina Turner;1988
671;Dyna-mite;Mud;1974
672;Bicycle Race;Queen;1978
673;Bad Bad Leroy Brown;Jim Croce;1973
674;Start Me Up;The Rolling Stones;1981
675;Hair;Zen;1968
676;Atlantis;Donovan;1969
677;Als de rook om je hoofd is verdwenen;Boudewijn de Groot;1972
678;Boogie Wonderland;Earth, Wind & Fire feat. The Emotions;1979
679;Just Like a Woman;Bob Dylan;1966
680;Had to Fall in Love;Moody Blues;1978
681;Cose Della Vita;Eros Ramazzotti & Tina Turner;1998
682;Time in a bottle;Jim Croce;1973
683;Tainted love;Soft Cell;1981
684;Ti sento;Matia Bazar;1986
685;Duet;Brigitte Kaandorp & Herman Finkers;1990
686;Bourée;Jethro Tull;1969
687;Elected;Alice Cooper;1972
688;Memories;Earth & Fire;1972
689;September;Earth, Wind & Fire;1979
690;Let's dance;David Bowie;1983
691;Three Times a Lady;Commodores;1978
692;I don't wanna die in an air disaster;Albert Hammond;1974
693;Open einde;Rob de Nijs;1987
694;Once upon a time in the west;Ennio Morricone;1968
695;Une belle histoire;Michel Fugain;1972
696;Dancin' Fool;Frank Zappa;1979
697;It's my life;Talk Talk;1984
698;Babe;Styx;1980
699;You took the words right out of my mouth (hot summer night);Meat Loaf;1979
700;Lessons in Love;Level 42;1986
701;The opera;Dizzy Man's Band;1975
702;Alone;Heart;1987
703;I'm a train;Albert Hammond;1974
704;I will survive;Gloria Gaynor;1979
705;When I'm Sixty-Four;The Beatles;1967
706;El cóndor pasa;Simon & Garfunkel;1970
707;Vlieg met me mee;Paul de Leeuw;1992
708;It's Raining Men;The Weather Girls;1983
709;Could You Be Loved;Bob Marley & The Wailers;1980
710;Rockin' all over the world;Status Quo;1977
711;Don't Forget to Remember;Bee Gees;1969
712;Show me the way;Peter Frampton;1976
713;Love Is Like Oxygen;The Sweet;1978
714;Get Down and Get with It;Slade;1971
715;The Way It Is;Bruce Hornsby & The Range;1986
716;For what it's worth;Buffalo Springfield;1967
717;A Different Corner;George Michael;1986
718;You'll never walk alone;Gerry & the Pacemakers;1963
719;Fly like an eagle;Steve Miller Band;1976
720;Wild Places;Duncan Browne;1979
721;Every Little Thing She Does Is Magic;The Police;1981
722;Maggie May;Rod Stewart;1971
723;The Ballad of Lucy Jordan;Marianne Faithfull;1979
724;Après toi;Vicky Leandros;1972
725;Kingston Town;UB40;1990
726;I wish;Stevie Wonder;1977
727;This town ain't big enough for both of us;Sparks;1974
728;I Won't Let You Down;Ph.D.;1981
729;Waarom fluister ik je naam nog;Benny Neyman;1985
730;Never let her slip away;Andrew Gold;1978
731;SOS;ABBA;1975
732;Yesterday Once More;The Carpenters;1973
733;The way we were;Barbra Streisand;1973
734;Wonderful Life;Black;1987
735;Son of a Preacher Man;Dusty Springfield;1968
736;Versailles;White Soxx;1981
737;Boulevard de la Madeleine;Moody Blues;1966
738;Europa (Earth's cry Heaven's smile);Santana;1978
739;Terug naar de kust;Maggie MacNeal;1976
740;Rock around the clock;Bill Haley & His Comets;1956
741;At seventeen;Janis Ian;1975
742;De bom;Doe Maar;1982
743;Ben;Michael Jackson;1972
744;Ashes to ashes;David Bowie;1980
745;Tragedy;Bee Gees;1979
746;Sowing the Seeds of Love;Tears for Fears;1989
747;Mr. Blue;René Klijn;1993
748;Late again;Stealers Wheel;1973
749;Hijo de la luna;Mecano;1990
750;You can leave your hat on;Joe Cocker;1986
751;Itchycoo Park;Small Faces;1967
752;Guilty;Barbra Streisand & Barry Gibb;1980
753;The promise you made;Cock Robin;1986
754;Blinded by the light;Manfred Mann's Earth Band;1976
755;Crazy Horses;The Osmonds;1972
756;He'll Have to Go;Ry Cooder;1976
757;Eres Tu;Mocedades;1973
758;Calypso;John Denver;1975
759;Jealous Guy;Roxy Music;1981
760;Take My Breath Away;Berlin;1986
761;Don't Let the Sun Go Down on Me;George Michael & Elton John;1991
762;It's a Sin;Pet Shop Boys;1987
763;Sadeness;Enigma;1990
764;Prisencolinensinainciusol;Adriano Celentano;1973
765;No Matter What;Boyzone;1998
766;One;U2;1992
767;State of Independence;Donna Summer;1982
768;Cambodia;Kim Wilde;1981
769;All out of love;Air Supply;1980
770;Close to Me;The Cure;1985
771;Belle Hélène;Doe Maar;1982
772;Honesty;Billy Joel;1979
773;Birmingham;Randy Newman;1974
774;Perhaps Love;John Denver;1981
775;The look of love;ABC;1982
776;Dance the Night Away;The Mavericks;1998
777;Spinning Wheel;Blood, Sweat & Tears;1969
778;La vie en rose;Grace Jones;1977
779;Een wonderkind van 50;Boudewijn de Groot;1996
780;Dancing in the Street;David Bowie & Mick Jagger;1985
781;Lay Down (Candles in the Rain);Melanie & Edwin Hawkins Singers;1970
782;Don't Go;Yazoo;1982
783;Max;Paolo Conte;1988
784;Let It Grow;Eric Clapton;1974
785;Fire;The Pointer Sisters;1979
786;It's All over Now, Baby Blue;Them;1966
787;Pour que tu m'aimes encore;Céline Dion;1995
788;Wild Rover;The Dubliners;1964
789;Summertime;Billie Holiday;1936
790;Without you;Nilsson;1972
791;Good year for the roses;Elvis Costello;1981
792;Weekend;Earth & Fire;1979
793;Road to Nowhere;Talking Heads;1985
794;Mississippi;Pussycat;1975
795;My Friend the Wind;Demis Roussos;1973
796;Gold;Spandau Ballet;1983
797;You've Lost That Lovin' Feelin';The Righteous Brothers;1965
798;Hou me vast;Volumia!;1998
799;Sound of the Screaming Day;Golden Earring;1967
800;Living doll;Cliff Richard;1959
801;Gaia;Valensia;1993
802;Iedereen is van de wereld;The Scene;1991
803;All of my heart;ABC;1982
804;Voir un ami pleurer;Jacques Brel;1961
805;Titles;Barclay James Harvest;1976
806;Ain't Nobody;Chaka Khan & Rufus;1984
807;Roll Over Beethoven;Electric Light Orchestra;1973
808;There Must Be an Angel (Playing with My Heart);Eurythmics;1985
809;Duel;Propaganda;1985
810;That was yesterday;Foreigner;1985
811;Bird of paradise;Snowy White;1984
812;The power of love;Céline Dion;1994
813;Don't Bring Me Down;Electric Light Orchestra;1979
814;Lonely Days;Bee Gees;1970
815;Oxygène IV;Jean-Michel Jarre;1977
816;Disco inferno;The Trammps;1977
817;Airport Song;Magna Carta;1970
818;Zonder jou;Paul de Leeuw & Simone Kleinsma;1995
819;Zeg maar niets meer;André Hazes;1982
820;Spanish eyes;Al Martino;1966
821;Just Another Day;Jon Secada;1992
822;Stay with Me 'til the Morning;Vicki Brown & New London Chorale;1986
823;I'm Just a Singer (In a Rock and Roll Band);Moody Blues;1973
824;Wishful Thinking;China Crisis;1984
825;Suicide is Painless;M*A*S*H;1970
826;Als de dag van toen;Reinhard Mey;1975
827;La Isla Bonita;Madonna;1987
828;I'd rather go blind;Chicken Shack;1969
829;I Will Always Love You;Dolly Parton;1983
830;Lay Lady Lay;Bob Dylan;1969
831;Lido Shuffle;Boz Scaggs;1977
832;Blue Hotel;Chris Isaak;1987
833;Turn! Turn! Turn! (to everything there is a season);The Byrds;1965
834;Miss You Nights;Cliff Richard;1976
835;Kinderballade;Boudewijn de Groot;1977
836;Grand Hotel;Procol Harum;1973
837;All Right Now;Free;1970
838;Golden years;David Bowie;1976
839;Hard to Say I'm Sorry;Chicago;1982
840;I Heard It Through the Grapevine;Marvin Gaye;1969
841;Is dit alles;Doe Maar;1982
842;Sylvia;Focus;1972
843;We Can Work It Out;The Beatles;1965
844;Mon amour;BZN;1976
845;Don't leave me this way;The Communards & Sarah Jane Morris;1986
846;You Can't Hurry Love;Phil Collins;1982
847;Sound and Vision;David Bowie;1977
848;Davy's on the Road Again;Manfred Mann's Earth Band;1978
849;Het is een nacht... (Levensecht);Guus Meeuwis & Vagant;1995
850;I close my eyes (and count to ten);Dusty Springfield;1968
851;No Regrets;The Walker Brothers;1976
852;Sledgehammer;Peter Gabriel;1986
853;Islands in the stream;Dolly Parton & Kenny Rogers;1983
854;La comparsa;ZZ & De Maskers;1964
855;Tiger feet;Mud;1974
856;Always Look on the Bright Side of Life;Monty Python;1981
857;Monday, Monday;The Mamas and the Papas;1966
858;True Colors;Cyndi Lauper;1986
859;Leven na de dood;Freek de Jonge & Stips;1997
860;Universal Soldier;Donovan;1965
861;Only the lonely;Roy Orbison;1960
862;Running up that hill;Kate Bush;1985
863;Maybe Tomorrow Maybe Tonight;Earth & Fire;1973
864;People Are People;Depeche Mode;1984
865;Gimme! Gimme! Gimme! (a man after midnight);ABBA;1979
866;Smoorverliefd;Doe Maar;1981
867;Don't Let Me Be Misunderstood;Santa Esmeralda;1977
868;Back Home;Golden Earring;1970
869;Les lacs du Connemara;Michel Sardou;1982
870;Go Now!;Moody Blues;1965
871;Love is a battlefield;Pat Benatar;1984
872;Woman;John Lennon;1981
873;Blue Eyes;Elton John;1982
874;We Belong to the Night;Ellen Foley;1979
875;Ik doe wat ik doe;Astrid Nijgh;1973
876;You're the One That I Want;John Travolta & Olivia Newton-John;1978
877;Leaving on a Jet Plane;John Denver;1969
878;The Devil Went Down to Georgia;Charlie Daniels Band;1979
879;Block Buster!;The Sweet;1973
880;I've got dreams to remember;Otis Redding;1968
881;Far Far Away;Slade;1974
882;Woman from Tokyo;Deep Purple;1972
883;Coz' I Luv You;Slade;1971
884;Sunny Afternoon;The Kinks;1966
885;Promised You a Miracle;Simple Minds;1982
886;The Sun Ain't Gonna Shine Anymore;The Walker Brothers;1966
887;Y.M.C.A.;Village People;1978
888;It's a Man's, Man's, Man's World;James Brown;1966
889;The alternative way;Anita Meyer;1976
890;Forever Blue;Little River Band;1995
891;Een tip van de sluier;Boudewijn de Groot;1980
892;Sex Machine;James Brown;1970
893;I'll Be Over You;Toto;1986
894;No more heroes;The Stranglers;1978
895;Green Green Grass of Home;Tom Jones;1966
896;Still the Same;Bob Seger & The Silver Bullet Band;1978
897;Merry Xmas everybody;Slade;1973
898;It never rains in Southern California;Albert Hammond;1972
899;China in your hand;T'Pau;1987
900;Dancing with Tears in My Eyes;Ultravox;1984
901;Hilversum 3;Herman van Veen;1984
902;Somebody to love;Jefferson Airplane;1970
903;I Want You to Want Me;Cheap Trick;1979
904;Knowing me, knowing you;ABBA;1977
905;Reason to believe;Rod Stewart;1971
906;Je loog tegen mij;Drukwerk;1981
907;Zwart wit;Frank Boeijen Groep;1984
908;Summer is over;Dusty Springfield;1974
909;Black Betty;Ram Jam;1978
910;Hilton Barcelona;Stef Bos;1994
911;Laat me alleen;Rita Hovink;1977
912;Good Morning Starshine;Oliver;1969
913;Shout;The Trammps;1975
914;Johnny B. Goode;Chuck Berry;1958
915;Let your love flow;Bellamy Brothers;1976
916;Casser la voix;Patrick Bruel;1992
917;I Hear You Now;Jon & Vangelis;1980
918;No Milk Today;Herman's Hermits;1966
919;Torn;Natalie Imbruglia;1997
920;Cocaine;J.J. Cale;1976
921;Spanish Harlem;Aretha Franklin;1971
922;Drive;The Cars;1984
923;Let's Stick Together;Bryan Ferry;1976
924;Midnight Rambler;The Rolling Stones;1969
925;Circle of Life;Elton John;1994
926;Sure Know Something;Kiss;1979
927;Can't Help Falling in Love with You;Elvis Presley;1961
928;Streets of London;Ralph McTell;1972
929;Uma casa Portugesa;Amália Rodrigues;1956
930;See Emily Play;Pink Floyd;1967
931;A piece of the action;The Babys;1978
932;Ramblin' man;The Allman Brothers Band;1973
933;Water of Love;Dire Straits;1978
934;Peaceful Easy Feeling;Eagles;1972
935;Annabel;Hans de Booij;1983
936;Mercedes Benz;Janis Joplin;1970
937;Home on a Monday;Little River Band;1977
938;The first time ever I saw your face;Roberta Flack;1972
939;Tie Your Mother Down;Queen;1977
940;Yesterday When I Was Young;Charles Aznavour;1970
941;J'veux de l'amour;Raymond van het Groenewoud;1980
942;The Young Ones;Cliff Richard;1962
943;A Good Heart;Feargal Sharkey;1985
944;Late in the Evening;Paul Simon;1980
945;Nightboat to Cairo;Madness;1980
946;For Your Love;The Yardbirds;1965
947;Passie;Clouseau;1995
948;Ramona;The Blue Diamonds;1960
949;Superstition;Stevie Wonder;1973
950;Sister Golden Hair;America;1975
951;Twist in My Sobriety;Tanita Tikaram;1988
952;The Jean Genie;David Bowie;1973
953;Sammy;Ramses Shaffy;1966
954;Because You Loved Me;Céline Dion;1996
955;You’re the inspiration;Chicago;1985
956;I Won't Stand Between Them;Bonnie St. Claire;1970
957;Tomorrow is another day;The Buffoons;1967
958;Back in the U.S.S.R.;The Beatles;1968
959;Rock 'n' roll high school;Ramones;1980
960;My Back Pages;The Byrds;1967
961;The pretender;Jackson Browne;1976
962;Stand by me;Ben E. King;1987
963;Heal the World;Michael Jackson;1992
964;Sorry Seems to Be the Hardest Word;Elton John;1976
965;Enola Gay;O.M.D.;1980
966;Dreams;Fleetwood Mac;1977
967;Air;Ekseption;1969
968;Summer in the city;The Lovin' Spoonful;1966
969;Ain't no sunshine;Bill Withers;1971
970;(You Make Me Feel Like) A Natural Woman;Aretha Franklin;1967
971;Yellow submarine;The Beatles;1966
972;Summertime Blues;Blue Cheer;1968
973;Mijn gebed;D.C. Lewis;1970
974;This Strange Effect;Dave Berry;1965
975;We are the world;USA for Africa;1985
976;On the beach;Chris Rea;1986
977;Blijf bij mij;Paul de Leeuw & Ruth Jacott;1993
978;It's five o'clock;Aphrodite's Child;1970
979;Secret garden;Bruce Springsteen;1995
980;Love Me Just a Little Bit More (Totally Hooked on You);Dolly Dots;1983
981;I Can Hear Music;The Beach Boys;1969
982;Only love can break your heart;Neil Young;1970
983;The 5th;Ekseption;1969
984;We Gotta Get out of This Place;The Animals;1965
985;I want you;Bob Dylan;1966
986;Don't Want to Say Goodbye;Raspberries;1972
987;Darling Be Home Soon;The Lovin' Spoonful;1967
988;Ain't Got No, I Got Life;Nina Simone;1968
989;The day that Curly Billy shot down Crazy Sam McGee;The Hollies;1973
990;Daniel;Elton John;1973
991;New York State of Mind;Billy Joel;1976
992;Chariots of fire;Vangelis;1982
993;Nutbush city limits;Ike & Tina Turner;1974
994;A Brand New Day;The Wiz Stars;1979
995;Nether Lands;Dan Fogelberg;1977
996;Waterloo Sunset;The Kinks;1967
997;Love Games;Level 42;1981
998;Even aan mijn moeder vragen;Bloem;1980
999;Lookin' out for Number One;Bachman-Turner Overdrive;1976
1000;Time is on my side;The Rolling Stones;1965
1001;What's a Woman;Vaya Con Dios;1990
1002;San Franciscan Nights;The Animals & Eric Burdon;1967
1003;Emma;Hot Chocolate;1974
1004;Believe;Cher;1998
1005;Take a chance on me;ABBA;1977
1006;Heroes and Villains;The Beach Boys;1967
1007;Here, there and everywhere;The Beatles;1966
1008;1999;Prince;1982
1009;Never Marry a Railroad Man;Shocking Blue;1970
1010;Helpless;Crosby, Stills, Nash & Young;1970
1011;Long As I Can See the Light;Creedence Clearwater Revival;1970
1012;Ma Baker;Boney M.;1977
1013;Don't stop 'til you get enough;Michael Jackson;1979
1014;50 ways to leave your lover;Paul Simon;1976
1015;Lucy in the Sky with Diamonds;The Beatles;1967
1016;Little Lies;Fleetwood Mac;1987
1017;MacArthur Park;Donna Summer;1978
1018;In the Mood;Glenn Miller;1940
1019;Rosalyn;Vitesse;1982
1020;Alles wat ademt;Rob de Nijs;1985
1021;Time Is Tight;Booker T. & the M.G.'s;1969
1022;Food for thought;UB40;1980
1023;West End Girls;Pet Shop Boys;1986
1024;(They Long to Be) Close to You;The Carpenters;1970
1025;Heart of glass;Blondie;1979
1026;Break My Stride;Matthew Wilder;1984
1027;Orchard Road;Leo Sayer;1983
1028;A hard day's night;The Beatles;1964
1029;Got My Mind Set on You;George Harrison;1987
1030;Hou van mij;Het Goede Doel;1983
1031;Unbeschreiblich Weiblich;Nina Hagen;1979
1032;I've got the music in me;Kiki Dee;1974
1033;Rock Me Amadeus;Falco;1986
1034;The joker;Steve Miller Band;1973
1035;New York Mining Disaster 1941;Bee Gees;1967
1036;Walk like an Egyptian;The Bangles;1986
1037;It's raining again;Supertramp;1982
1038;People Gotta Move;Gino Vannelli;1974
1039;You needed me;Anne Murray;1978
1040;High;Lighthouse Family;1998
1041;We All Stand Together;Paul McCartney & Frog Chorus;1985
1042;Baggy Trousers;Madness;1980
1043;Isn't she lovely?;Stevie Wonder;1976
1044;In dulci jubilo;Mike Oldfield;1976
1045;House of the king;Focus;1971
1046;Time after time;Cyndi Lauper;1984
1047;The Legend of Xanadu;Dave Dee, Dozy, Beaky, Mick & Tich;1968
1048;Shine silently;Nils Lofgren;1979
1049;The old fashioned way;Charles Aznavour;1973
1050;Lady Madonna;The Beatles;1968
1051;Does youw mother know;ABBA;1979
1052;Where Do You Go To (My Lovely)?;Peter Sarstedt;1969
1053;Sacramento (A Wonderful Town);Middle of the Road;1972
1054;I'm Still Standing;Elton John;1983
1055;You'll never walk alone;Lee Towers;1976
1056;Don't cry for me Argentina;Julie Covington;1977
1057;Where have I been wrong;The Cats;1970
1058;On the Wings of a Nightingale;The Everly Brothers;1984
1059;The Tide Is High;Blondie;1980
1060;Friday on My Mind;The Easybeats;1966
1061;Ring, Ring, I've Got to Sing;Ferre Grignard;1966
1062;We Were All Wounded At Wounded Knee;Redbone;1973
1063;From a Distance;Bette Midler;1991
1064;Love on the Rocks;Neil Diamond;1980
1065;Wake Me Up Before You Go-Go;Wham!;1984
1066;The things we do for love;10cc;1976
1067;Mamma mia;ABBA;1975
1068;Theme from 'Mahogany';Diana Ross;1976
1069;Living Next Door to Alice;Smokie;1977
1070;Uptown Girl;Billy Joel;1983
1071;I just called to say I love you;Stevie Wonder;1984
1072;Spanish stroll;Mink DeVille;1977
1073;Wasted words;The Motions;1965
1074;Powerful people;Gino Vannelli;1974
1075;That'll Be the Day;Buddy Holly;1957
1076;A Routine Day;Klaatu;1979
1077;September Morn';Neil Diamond;1979
1078;Promise Me;Beverley Craven;1990
1079;Dolce Paola;Adamo;1965
1080;Wonderful;Colin Blunstone;1973
1081;Love of the common people;Paul Young;1984
1082;Happy Xmas (War is over);John Lennon & Yoko Ono;1972
1083;Times were when;The Cats;1968
1084;Oh Lori;Alessi Brothers;1977
1085;Seasons;Earth & Fire;1970
1086;Think Twice;Céline Dion;1995
1087;Dirty Ol' Man;The Three Degrees;1973
1088;Some kind of wonderful;Grand Funk Railroad;1975
1089;Substitute;The Who;1966
1090;Have you ever really loved a woman;Bryan Adams;1995
1091;Airport;The Motors;1978
1092;Wintertime;Kayak;1974
1093;Smooth Operator;Sade;1984
1094;What Is Life;George Harrison;1971
1095;Room to Move;John Mayall;1970
1096;The Living Years;Mike and the Mechanics;1989
1097;I Think I Love You;The Partridge Family;1970
1098;Fire and Rain;James Taylor;1970
1099;Cent mille chansons;Frida Boccara;1969
1100;New York New York;Frank Sinatra;1980
1101;No More Fear of Flying;Gary Brooker;1979
1102;Girl You'll Be a Woman Soon;Neil Diamond;1971
1103;Ring of fire;Johnny Cash;1963
1104;A Real Mother for Ya;Johnny Guitar Watson;1977
1105;The Wild Boys;Duran Duran;1984
1106;I hope I never;Split Enz;1981
1107;Follow me;Amanda Lear;1978
1108;Absolute beginners;David Bowie;1986
1109;Vanmorgen vloog ze nog;Tsjechov;1988
1110;It's now or never;Elvis Presley;1960
1111;Everybody Wants to Rule the World;Tears for Fears;1985
1112;Song Sung Blue;Neil Diamond;1972
1113;One Night;Elvis Presley;1959
1114;(Walk me out in the) morning dew;Long John Baldry;1981
1115;Days;The Kinks;1968
1116;Honey;Bobby Goldsboro;1968
1117;15 miljoen mensen;Fluitsma & Van Tijn;1996
1118;Killing me softly with his song;Roberta Flack;1973
1119;How long;Ace;1974
1120;You Got It;Roy Orbison;1989
1121;It's over;Level 42;1987
1122;I Saw Her Standing There;The Beatles;1963
1123;While you see a chance;Steve Winwood;1981
1124;Nightshift;Commodores;1985
1125;Kiss You All Over;Exile;1978
1126;The name of the game;ABBA;1977
1127;In 't kleine café aan de haven;Vader Abraham;1976
1128;Please Forgive Me;Bryan Adams;1993
1129;Mexico;Zangeres Zonder Naam;1969
1130;I'm So Excited;The Pointer Sisters;1984
1131;Marieke;Jacques Brel;1961
1132;True;Spandau Ballet;1983
1133;Brandend zand;Anneke Grönloh;1962
1134;All around my hat;Steeleye Span;1976
1135;Winter in America;Doug Ashdown;1978
1136;Capital punishment;Sandy Coast;1969
1137;Girls just want to have fun;Cyndi Lauper;1984
1138;Demasiado corazon;Mink DeVille;1984
1139;If I Could Turn Back Time;Cher;1989
1140;Hey St. Peter;Flash and the Pan;1977
1141;Live to Tell;Madonna;1986
1142;This Is the Moment;René Froger;1992
1143;I'm Every Woman;Chaka Khan;1979
1144;Everywhere;Fleetwood Mac;1988
1145;Waiting for a girl like you;Foreigner;1982
1146;A groovy kind of love;Phil Collins;1988
1147;Conquistador;Procol Harum;1972
1148;Best of both worlds;Robert Palmer;1978
1149;Intimiteit;Kadanz;1984
1150;The power of love;Jennifer Rush;1985
1151;Butterfly Kisses;Bob Carlisle;1997
1152;I Believe I Can Fly;R. Kelly;1997
1153;Back home;Cuby + Blizzards;1966
1154;Shaffy cantate;Ramses Shaffy;1965
1155;Super trouper;ABBA;1980
1156;Verdammt Ich Lieb' Dich;Matthias Reim;1990
1157;Ik ben blij dat ik je niet vergeten ben;Joost Nuissl;1975
1158;This Melody;Julien Clerc;1976
1159;Summer night city;ABBA;1978
1160;Homeward Bound;Simon & Garfunkel;1966
1161;I Can't Dance;Genesis;1992
1162;Guus;Alexander Curly;1975
1163;Senza una donna;Zucchero Fornaciari;1988
1164;Zondagmiddag Buitenveldert;Frans Halsema;1969
1165;Mexico;Les Humphries Singers;1972
1166;After midnight;J.J. Cale;1972
1167;I'm a Man;The Spencer Davis Group;1967
1168;Eight Days a Week;The Beatles;1965
1169;Do the Strand;Roxy Music;1973
1170;Hey Tonight;Creedence Clearwater Revival;1970
1171;Another day;Buckshot LeFonque;1997
1172;Un canto a Galicia;Julio Iglesias;1972
1173;You Really Got Me;The Kinks;1964
1174;Matrimony;Gilbert O'Sullivan;1972
1175;I Feel Love;Donna Summer;1977
1176;Jan Klaassen de trompetter;Rob de Nijs;1973
1177;Luka;Suzanne Vega;1987
1178;Somebody Else's Lover;Total Touch;1996
1179;Faith;George Michael;1987
1180;I've got you under my skin;Frank Sinatra;1956
1181;Weekend Love;Golden Earring;1979
1182;To Whom It Concerns;Chris Andrews;1966
1183;Girl;The Beatles;1965
1184;Wouldn't It Be Nice;The Beach Boys;1966
1185;The Longest Time;Billy Joel;1984
1186;Stuck in the middle with you;Stealers Wheel;1973
1187;You Should Be Dancing;Bee Gees;1976
1188;What Can I Say;Boz Scaggs;1977
1189;Alabama;Neil Young;1972
1190;One Night in Bangkok;Murray Head;1985
1191;Heartbreak Hotel;Elvis Presley;1956
1192;Skandal im Sperrbezirk;Spider Murphy Gang;1982
1193;Man of the world;Fleetwood Mac;1969
1194;Hello Josephine;The Scorpions;1965
1195;Up Where We Belong;Joe Cocker & Jennifer Warnes;1982
1196;Tell me;The Rolling Stones;1965
1197;Here Comes the Night;Them;1965
1198;Solid;Ashford & Simpson;1985
1199;Jolene;Dolly Parton;1974
1200;Piece of the Rock;Mother's Finest;1978
1201;Cherchez La Femme;Dr. Buzzard's Original Savannah Band;1977
1202;Sexual healing;Marvin Gaye;1982
1203;Telkens weer;Willeke Alberti;1975
1204;Twist and shout;The Beatles;1963
1205;Under My Thumb;The Rolling Stones;1966
1206;Cecilia;Simon & Garfunkel;1970
1207;Just the way you are;Billy Joel;1978
1208;Sympathy;Steve Rowland & The Family Dogg;1970
1209;Anak;Freddie Aguilar;1980
1210;To My Father's House;Les Humphries Singers;1970
1211;24 rozen;Toon Hermans;1967
1212;All or nothing;Small Faces;1966
1213;Wild Thing;The Troggs;1966
1214;Breakfast;Associates;1985
1215;After the love has gone;Earth, Wind & Fire;1979
1216;100 Years;Joey Dyser;1975
1217;I'm a Man;Chicago;1969
1218;Embarrassment;Madness;1981
1219;Downtown;Petula Clark;1964
1220;La Solitudine;Laura Pausini;1993
1221;The second waltz;André Rieu;1994
1222;Jessie;Joshua Kadison;1994
1223;Wooden Heart;Elvis Presley;1961
1224;Get It On;T. Rex;1971
1225;Bim bam;André van Duin;1982
1226;Le Printemps;Michel Fugain;1977
1227;Livin' Thing;Electric Light Orchestra;1976
1228;James;Billy Joel;1976
1229;(If paradise is) half as nice;Amen Corner;1969
1230;A view to a kill;Duran Duran;1985
1231;Song for Guy;Elton John;1979
1232;Rock 'n' roll (I gave you the best years of my life);The Cats;1974
1233;Daydream Believer;The Monkees;1967
1234;The Last Seven Days;Unit Gloria;1969
1235;David's Song;The Kelly Family;1979
1236;Pa;Doe Maar;1983
1237;We Don't Need Another Hero;Tina Turner;1985
1238;Love Me Do;The Beatles;1963
1239;Tell me your plans;The Shirts;1978
1240;Volare;Al Martino;1976
1241;The Carnival Is Over;The Seekers;1965
1242;Chanson d'amour;The Manhattan Transfer;1976
1243;Kodachrome;Paul Simon;1973
1244;I Scare Myself;Thomas Dolby;1984
1245;The letter;The Box Tops;1967
1246;Substitute;Clout;1978
1247;Tinseltown in the rain;The Blue Nile;1984
1248;(I've Had) The Time of My Life;Bill Medley & Jennifer Warnes;1987
1249;Another day;Paul McCartney;1971
1250;When I Need You;Leo Sayer;1977
1251;All by Myself;Eric Carmen;1976
1252;Why;The Cats;1969
1253;This is not America;David Bowie & Pat Metheny Group;1985
1254;The eyes of Jenny;Sandy Coast;1981
1255;Me and Mrs. Jones;Billy Paul;1973
1256;Get Here;Oleta Adams;1990
1257;The Ballad of John and Yoko;The Beatles;1969
1258;Magical mystery tour;The Beatles;1967
1259;Le Freak;Chic;1978
1260;Poppa Joe;The Sweet;1972
1261;Can't Stand Losing You;The Police;1979
1262;Thank God I'm a Country Boy;John Denver;1975
1263;I'll never drink again;Alexander Curly;1972
1264;Live and let die;Paul McCartney & Wings;1973
1265;Video Killed the Radio Star;Buggles;1979
1266;De glimlach van een kind;Willy Alberti;1968
1267;La bamba;Los Lobos;1987
1268;Vrede;Ruth Jacott;1993
1269;Ruby, Don't Take Your Love to Town;Kenny Rogers & First Edition;1969
1270;Live is Life;Opus;1985
1271;You've got your troubles;The Fortunes;1965
1272;If I Fell;The Beatles;1965
1273;(I can't help) falling in love with you;UB40;1993
1274;What a Fool Believes;The Doobie Brothers;1978
1275;Heart of Stone;The Rolling Stones;1965
1276;Sailor;Sailor;1975
1277;The end of the show;The Cats;1980
1278;Long Train Running;The Doobie Brothers;1973
1279;It's Too Late;Carole King;1971
1280;It started with a kiss;Hot Chocolate;1982
1281;Forever Man;Eric Clapton;1985
1282;You Win Again;Bee Gees;1987
1283;And I love her;The Beatles;1964
1284;Money, Money, Money;ABBA;1976
1285;Wonderful Land;The Shadows;1962
1286;Paloma Blanca;George Baker Selection;1975
1287;As tears go by;Marianne Faithfull;1964
1288;Why;Bronski Beat;1984
1289;Somewhere Between;The Tumbleweeds;1975
1290;Ik meen 't;André Hazes;1985
1291;Sailing;Christopher Cross;1981
1292;Fame;David Bowie;1975
1293;I Lie and I Cheat;Won Ton Ton;1988
1294;My special prayer;Percy Sledge;1969
1295;Everybody's Talking;Nilsson;1969
1296;Good Morning Freedom;Blue Mink;1970
1297;We'll Meet Again;Vera Lynn;1939
1298;La mama;Charles Aznavour;1964
1299;Reflections of My Life;Marmalade;1970
1300;Twelve Thirty (Young Girls Are Coming to the Canyon);The Mamas and the Papas;1967
1301;I Got You Babe;UB40 & Chrissie Hynde;1985
1302;No Ordinary Love;Sade;1992
1303;Never ever;All Saints;1997
1304;Can't buy me love;The Beatles;1964
1305;Distant drums;Jim Reeves;1966
1306;Bangladesh;George Harrison;1971
1307;Love Is a Stranger;Eurythmics;1983
1308;Morning D.J. of W.O.L.D;Harry Chapin;1974
1309;If I said you had a beautiful body would you hold it against me;Bellamy Brothers;1979
1310;All I Have to Do Is Dream;The Everly Brothers;1958
1311;Kiss;Prince & The Revolution;1986
1312;One more night;Phil Collins;1985
1313;Bad;Michael Jackson;1987
1314;Hit Me with Your Rhythm Stick;Ian Dury & Blockheads;1978
1315;I.g.y.;Donald Fagen;1982
1316;Am I losing you forever;Mai Tai;1985
1317;Sweet Caroline;Neil Diamond;1969
1318;Mother and Child Reunion;Paul Simon;1972
1319;Reeling in the years;Steely Dan;1973
1320;Feelin' Stronger Every Day;Chicago;1973
1321;Babooshka;Kate Bush;1980
1322;Are You Sure?;The Allisons;1961
1323;Sir Duke;Stevie Wonder;1977
1324;Bus stop;The Hollies;1966
1325;Caravan of Love;The Housemartins;1987
1326;Walking on sunshine;Katrina & the Waves;1985
1327;Peter Gunn Theme;Emerson, Lake & Palmer;1980
1328;Macarena;Los del Río;1995
1329;Kaap'ren Vaaren;Fungus;1974
1330;He'll Have to Go;Jim Reeves;1960
1331;Keeping the Dream Alive;Münchener Freiheit;1989
1332;Giving It All Away;Roger Daltrey;1973
1333;As Long as You Love Me;Backstreet Boys;1997
1334;Faithful;Marvin, Welch & Farrar;1971
1335;My Ever Changing Moods;The Style Council;1984
1336;Daydream;Wallace Collection;1969
1337;We Love You;The Rolling Stones;1967
1338;Fool (If You Think It's Over);Chris Rea;1978
1339;Baby's in Black;The Beatles;1965
1340;Knock on wood;Amii Stewart;1979
1341;Harborlight;Windjammer;1977
1342;One Day I'll Fly Away;Randy Crawford;1980
1343;The Day I Met Marie;Cliff Richard;1967
1344;Nah Neh Nah;Vaya Con Dios;1990
1345;Angel eyes;Wet Wet Wet;1988
1346;Een Vrouw Zoals Jij;Hans de Booij;1983
1347;Walking in Memphis;Marc Cohn;1991
1348;I've Been Loving You too Long;Otis Redding;1965
1349;Temptation;Heaven 17;1983
1350;You're in my heart;Rod Stewart;1977
1351;Coming Around Again;Carly Simon;1987
1352;Then I Kissed Her;The Beach Boys;1967
1353;Time of the Season;The Zombies;1969
1354;When You Are A King;White Plains;1971
1355;Russian Spy and I;The Hunters;1966
1356;Comfortably numb;Pink Floyd;1979
1357;Something's Gotten Hold of My Heart;Gene Pitney;1968
1358;Touch;The Outsiders;1966
1359;Vivere;Andrea Bocelli & Gerardina Trovato;1994
1360;Black pearl;Margriet Eshuijs Band;1982
1361;Rose of Cimarron;Poco;1976
1362;Lili Marlene;Marlene Dietrich;1946
1363;All Night Long (All Night);Lionel Richie;1983
1364;Excerpt from A Teenage Opera;Keith West;1967
1365;In the army now;Status Quo;1986
1366;Il est cinq heures, Paris s'éveille;Jacques Dutronc;1968
1367;The Riddle;Nik Kershaw;1984
1368;Runaway;Del Shannon;1961
1369;Sunshine of Your Love;Cream;1968
1370;Some People;Cliff Richard;1987
1371;Fred Astaire (Just a Summer Love Affair);The Mo;1981
1372;Ik voel me zo verdomd alleen;Danny de Munk;1984
1373;I Am a Rock;Simon & Garfunkel;1966
1374;Marmor, Stein Und Eisen Bricht;Drafi Deutscher;1965
1375;Sing our own song;UB40;1986
1376;The Nightfly;Donald Fagen;1982
1377;Beep Beep Love;Gruppo Sportivo;1977
1378;Sealed with a Kiss;Bobby Vinton;1972
1379;Island in the Sun;Harry Belafonte;1957
1380;Kyrie;Mr. Mister;1986
1381;It's only rock 'n roll;The Rolling Stones;1974
1382;Hello again;Neil Diamond;1981
1383;Fever;Peggy Lee;1959
1384;Toveren;Herman van Veen;1987
1385;Patsy;Rein de Vries;1965
1386;An Englishman in New York;Godley & Creme;1980
1387;Adiemus;Adiemus;1995
1388;Summer holiday;Cliff Richard;1963
1389;It's over;Roy Orbison;1964
1390;Window of Hope;Oleta Adams;1993
1391;Wrap your arms around me;Agnetha Fältskog;1983
1392;Ferry Cross the Mersey;Gerry & the Pacemakers;1964
1393;Summer in the city;Joe Cocker;1994
1394;American Woman;The Guess Who;1970
1395;Opzij;Herman van Veen;1979
1396;Radio;Supersister;1972
1397;Jambalaya (On the Bayou);The Carpenters;1974
1398;Gute Nacht, Freunde;Reinhard Mey;1974
1399;Hopelessly Devoted to You;Olivia Newton John;1978
1400;Kom van dat dak af;Peter Koelewijn & Zijn Rockets;1960
1401;Fly me to the moon;Frank Sinatra;1964
1402;Money's Too Tight (To Mention);Simply Red;1985
1403;Ain't No Mountain High Enough;Diana Ross;1970
1404;Tumbling Dice;The Rolling Stones;1972
1405;Can't Take My Eyes Off You;Boys Town Gang;1982
1406;Fly too high;Janis Ian;1979
1407;Suzanne;VOF de Kunst;1983
1408;A boy named Sue;Johnny Cash;1969
1409;I treni di Tozeur;Alice & Battiato;1984
1410;Afrikaan Beat;Bert Kaempfert;1962
1411;Afternoon Delight;Starland Vocal Band;1976
1412;When You're in Love with a Beautiful Woman;Dr. Hook;1979
1413;Yes Sir, I Can Boogie;Baccara;1977
1414;Long Tall Glasses;Leo Sayer;1974
1415;True love ways;Peter & Gordon;1965
1416;Oye Como Va;Santana;1971
1417;Like a virgin;Madonna;1984
1418;Longer;Dan Fogelberg;1980
1419;Fooled Around and Fell in Love;Elvin Bishop;1976
1420;Bombay;Golden Earring;1976
1421;Marrakesh Express;Crosby, Stills & Nash;1969
1422;Hello, Goodbye;The Beatles;1967
1423;Power to All Our Friends;Cliff Richard;1973
1424;I Honestly Love You;Olivia Newton John;1974
1425;Rebel Rebel;David Bowie;1974
1426;Pamela;Toto;1988
1427;Sugar baby love;The Rubettes;1974
1428;Showdown;Electric Light Orchestra;1974
1429;I got you Babe;Sonny & Cher;1965
1430;Blue bayou;Linda Ronstadt;1977
1431;She Loves You;The Beatles;1963
1432;Little Sister;Ry Cooder;1979
1433;Se bastasse una canzone;Eros Ramazzotti;1990
1434;I've Gotta Get a Message to You;Bee Gees;1968
1435;She Goes Nana;The Radios;1993
1436;Pearl's a Singer;Elkie Brooks;1977
1437;World of Birds;Q65;1967
1438;I don't believe in if anymore;Roger Whittaker;1970
1439;Tin Soldier;Small Faces;1968
1440;Zwei kleine Italiener;Conny Froboess;1962
1441;Buona Sera;Louis Prima;1958
1442;Fraction Too Much Friction;Tim Finn;1984
1443;Well Allright;Buddy Holly;1958
1444;Can You Feel It;The Jacksons;1981
1445;Hello hurray;Alice Cooper;1973
1446;Hole in My Shoe;Traffic;1967
1447;Lovin' Whiskey;Rory Block;1988
1448;Unbreak My Heart;Toni Braxton;1996
1449;Gigi l'amoroso;Dalida;1974
1450;Do You Wanna Dance;Cliff Richard;1962
1451;Photograph;Ringo Starr;1973
1452;True Love That's a Wonder;Sandy Coast;1971
1453;It's Not Unusual;Tom Jones;1965
1454;In the Summertime;Mungo Jerry;1970
1455;Tous les garçons et les filles;Françoise Hardy;1963
1456;Teardrops;Womack & Womack;1988
1457;Heaven Is a Place on Earth;Belinda Carlisle;1988
1458;Pick up the pieces;Average White Band;1975
1459;Summer nights;John Travolta & Olivia Newton-John;1978
1460;You don't have to say you love me;Dusty Springfield;1966
1461;Karma Chameleon;Culture Club;1983
1462;It's only love;Bryan Adams & Tina Turner;1985
1463;La mer;Charles Trenet;1952
1464;Three Steps to Heaven;Eddie Cochran;1960
1465;Crying in the Rain;The Everly Brothers;1962
1466;Right next door (because of me);Robert Cray Band;1987
1467;Give Peace a Chance;John Lennon & Plastic Ono Band;1969
1468;Roll Over Beethoven;Chuck Berry;1956
1469;Street Life;The Crusaders & Randy Crawford;1979
1470;I've Never Been to Me;Charlene D'Angelo;1982
1471;O, o, Den Haag;Harry Klorkestein;1982
1472;Abracadabra;Steve Miller Band;1982
1473;Greased Lightning;John Travolta;1978
1474;Rock and Roll Music;The Beatles;1965
1475;I've Seen That Face before;Grace Jones;1977
1476;Rainy Day Women Nos 12 & 35;Bob Dylan;1966
1477;Wooly Bully;Sam the Sham & the Pharaohs;1965
1478;When a man loves a woman;Percy Sledge;1966
1479;The Night They Drove Ol' Dixie Down;Joan Baez;1971
1480;White Christmas;Bing Crosby;1954
1481;The look;Roxette;1989
1482;Diana;Paul Anka;1957
1483;Those were the days;Mary Hopkin;1968
1484;Ebony Eyes;The Everly Brothers;1961
1485;Battle Hymn of the Republic;Andy Williams;1968
1486;Not just a flower in your hair;After Tea;1967
1487;If You Can't Give Me Love;Suzi Quatro;1978
1488;Lady Marmalade;Labelle;1975
1489;Turn to Stone;Electric Light Orchestra;1977
1490;Unforgettable;Nat 'King' Cole;1951
1491;Ha! Ha! Said the Clown;Manfred Mann;1967
1492;Pictures of Lily;The Who;1967
1493;Perfect;Fairground Attraction;1988
1494;Can You Feel the Love Tonight;Elton John;1994
1495;The power of love;Huey Lewis and the News;1985
1496;I Shot the Sheriff;Eric Clapton;1974
1497;Brass in pocket;The Pretenders;1980
1498;(Where do I begin) love story;Andy Williams;1971
1499;Arms of Mary;Sutherland Brothers & Quiver;1976
1500;Strangers in the night;Frank Sinatra;1966
1501;You Are My Love;Liverpool Express;1976
1502;Borderline;Madonna;1986
1503;Mr. Pleasant;The Kinks;1967
1504;That day;Golden Earring;1966
1505;The Elephant Song;Kamahl;1975
1506;Xanadu;Olivia Newton John & ELO;1980
1507;Isabelle, je t'aime;Les Poppys;1972
1508;I'm a Believer;The Monkees;1966
1509;Monica;Circus Custers;1987
1510;You are the sunshine of my life;Stevie Wonder;1973
1511;It's the End;The Buffoons;1968
1512;Frank Mills;Bojoura;1969
1513;Clouds across the moon;RAH Band;1985
1514;Ob-La-Di, Ob-La-Da;The Beatles;1969
1515;Too shy;Kajagoogoo;1983
1516;Master Blaster (Jammin');Stevie Wonder;1980
1517;It's Hard to Be Tender;Carly Simon;1989
1518;Everlasting Love;Love Affair;1968
1519;They don't play our lovesong anymore;Anita Meyer;1981
1520;My Little Town;Simon & Garfunkel;1975
1521;Little man;Sonny & Cher;1966
1522;You're a friend of mine;Clarence Clemons & Jackson Browne;1986
1523;Da ya think I'm sexy?;Rod Stewart;1978
1524;I Got a Name;Jim Croce;1975
1525;Melting Pot;Blue Mink;1970
1526;If you could read my mind;Gordon Lightfoot;1971
1527;Great Balls of Fire;Jerry Lee Lewis;1957
1528;Don't You Want Me;The Human League;1982
1529;Sugar Sugar;The Archies;1969
1530;Rock Your Baby;George McCrae;1974
1531;Wonderful World;Sam Cooke;1960
1532;Quinn the Eskimo (Mighty Quinn);Manfred Mann;1968
1533;Twenty Four Hours from Tulsa;Gene Pitney;1964
1534;Don't call us we'll call you;Sugarloaf;1975
1535;Lovely Day;Bill Withers;1978
1536;Without your love;Roger Daltrey;1981
1537;Longfellow serenade;Neil Diamond;1974
1538;Bye bye love;The Everly Brothers;1957
1539;Keep On Running;The Spencer Davis Group;1966
1540;You Are;Dolly Parton;1983
1541;What I like about you;The Romantics;1980
1542;Surrender;Jon Anderson;1982
1543;Lazy Sunday;Small Faces;1968
1544;Sealed with a Kiss;Brian Hyland;1962
1545;Lovin' You;Minnie Riperton;1975
1546;Ik heb genoeg van jou;ZZ & De Maskers;1965
1547;Cathy's Clown;The Everly Brothers;1960
1548;Sacrifice;Elton John;1990
1549;You Spin Me Round;Dead or Alive;1985
1550;Gimme Some Lovin';The Spencer Davis Group;1966
1551;Guitar Tango;The Shadows;1962
1552;To France;Mike Oldfield & Maggie Reilly;1984
1553;Strange Magic;Electric Light Orchestra;1976
1554;It's my life;The Animals;1965
1555;Hollywood Seven;Alides Hidding;1980
1556;Cottonfields;The Beach Boys;1969
1557;Reach out I'll be there;Four Tops;1966
1558;Escape (The Piña Colada Song);Rupert Holmes;1980
1559;Hurts to Be in Love;Gino Vannelli;1985
1560;I will return;Springwater;1971
1561;Huilen is voor jou te laat;Corry en de Rekels;1970
1562;Hold on My Heart;Genesis;1992
1563;How 'bout Us;Champaign;1981
1564;Christmas was a friend of mine;Fay Lovsky;1982
1565;Well All Right;Blind Faith;1969
1566;Happy together;The Turtles;1967
1567;Hero;Mariah Carey;1993
1568;Don't Go Breaking My Heart;Elton John & Kiki Dee;1976
1569;Wheels;Billy Vaughn Orchestra;1961
1570;Veerpont;Drs. P;1973
1571;Little Girl;Syndicate of Sound;1966
1572;Death of a Clown;Dave Davies;1967
1573;Working My Way Back to You;The Detroit Spinners;1980
1574;Easy;Commodores;1978
1575;To Be with You;Mr. Big;1992
1576;Ticket to ride;The Beatles;1965
1577;We built this city;Starship;1985
1578;Gypsys, Tramps & Thieves;Cher;1971
1579;I go to sleep;The Pretenders;1981
1580;Silence is golden;The Tremeloes;1967
1581;Brick House;Commodores;1978
1582;Baby Makes Her Blue Jeans Talk;Dr. Hook;1982
1583;Dance away;Roxy Music;1979
1584;L'Été indien;Joe Dassin;1975
1585;Hé, kom aan;Dimitri van Toren;1973
1586;Papa Don't Preach;Madonna;1986
1587;Dedicated Follower of Fashion;The Kinks;1966
1588;Stop!;Sam Brown;1988
1589;World;Bee Gees;1967
1590;Reflections;Diana Ross & The Supremes;1967
1591;Een lied voor kinderen;Dimitri van Toren;1973
1592;Last dance;Donna Summer;1978
1593;Theme from 'Shaft';Isaac Hayes;1971
1594;I finally found someone;Barbra Streisand & Bryan Adams;1997
1595;Twee Motten;Dorus;1957
1596;Along Comes Mary;The Association;1966
1597;Centerfold;The J. Geils Band;1982
1598;Ma préference;Julien Clerc;1978
1599;Me and You and a Dog Named Boo;Lobo;1971
1600;Over the Rainbow;Judy Garland;1939
1601;Pappie loop toch niet zo snel;Herman van Keeken;1971
1602;Celebration;Kool & The Gang;1980
1603;Soldiers who want to be heroes;Rod McKuen;1971
1604;Telstar;The Tornados;1962
1605;From the Underworld;The Herd;1967
1606;Jesamine;Casuals;1968
1607;Rocky;Don Mercedes;1976
1608;Ritme van de regen;Rob de Nijs;1963
1609;Please please me;The Beatles;1964
1610;'t Is weer voorbij die mooie zomer;Gerard Cox;1973
1611;Que Sera, Sera (Whatever Will Be, Will Be);Doris Day;1956
1612;Many Rivers to Cross;Joe Cocker;1982
1613;I'm gonna knock on your door;Eddie Hodges;1961
1614;Ik heb zo waanzinnig gedroomd;Kinderen voor Kinderen;1981
1615;I Knew You Were Waiting (for Me);George Michael & Aretha Franklin;1987
1616;You and me;Spargo;1980
1617;My Baby Just Cares for Me;Nina Simone;1987
1618;Rider in the Rain;Randy Newman;1978
1619;Chicago;Graham Nash;1971
1620;Wouldn't It Be Good;Nik Kershaw;1984
1621;Everybody's Got to Learn Sometime;The Korgis;1980
1622;Lucky Lips;Cliff Richard;1963
1623;Lady of the Dawn;Mike Batt;1979
1624;Music to watch girls by;Andy Williams;1967
1625;Goodbye my love;The Searchers;1965
1626;Till the End of the Day;The Kinks;1965
1627;Pretty Flamingo;Manfred Mann;1966
1628;Maria;Larry Kert;1957
1629;We Don't Talk Anymore;Cliff Richard;1979
1630;Listen to the Radio;Tom Robinson;1984
1631;Circle in the Sand;Belinda Carlisle;1988
1632;I Like Chopin;Gazebo;1983
1633;Pour moi la vie va commencer;Johnny Hallyday;1963
1634;Swimming Into Deep Water;Don Rosenbaum;1972
1635;So you win again;Hot Chocolate;1977
1636;Matthew and Son;Cat Stevens;1967
1637;Sam;Olivia Newton John;1977
1638;It Must Be Love;Labi Siffre;1971
1639;Greatest Love of All;Whitney Houston;1986
1640;36-24-36;The Shadows;1961
1641;Ik heb geen zin om op te staan;Het;1965
1642;A thing called love;Johnny Cash;1972
1643;She Likes Weeds;Tee Set;1970
1644;Midnight Train to Georgia;Gladys Knight & the Pips;1973
1645;Sussudio;Phil Collins;1985
1646;Per spoor (Kedeng kedeng);Guus Meeuwis & Vagant;1996
1647;Dream a Little Dream;Mama Cass;1968
1648;Don't Be Cruel;Elvis Presley;1956
1649;To love somebody;Bee Gees;1967
1650;Sundown;Gordon Lightfoot;1974
1651;Kokomo;The Beach Boys;1989
1652;Play That Funky Music;Wild Cherry;1976
1653;Wind en zeilen;Splitsing;1985
1654;What's love got to do with it;Tina Turner;1984
1655;Summer Is Here;The Outsiders;1967
1656;The Pied Piper;Crispian St. Peters;1966
1657;I Can Help;Billy Swan;1974
1658;Ole Guapa;Malando;1958
1659;Dedicated to the One I Love;The Mamas and the Papas;1967
1660;Buddy Joe;Golden Earring;1972
1661;Alone Again (Naturally);Gilbert O'Sullivan;1972
1662;Hurt;Timi Yuro;1961
1663;Ik ben ik;Boudewijn de Groot;1974
1664;Maneater;Daryl Hall & John Oates;1982
1665;You Don't Bring Me Flowers;Neil Diamond & Barbra Streisand;1978
1666;Ring of fire;The Animals & Eric Burdon;1969
1667;Do You Really Want to Hurt Me;Culture Club;1982
1668;Poupée de cire, poupée de son;France Gall;1965
1669;Two Hearts;Phil Collins;1988
1670;Young Girl;Gary Puckett & the Union Gap;1968
1671;Paperback Writer;The Beatles;1966
1672;Are You Ready;Pacific Gas & Electric;1970
1673;Running in the Family;Level 42;1987
1674;You've Made Me So Very Happy;Blood, Sweat & Tears;1969
1675;Mother;John Lennon;1971
1676;When the Rain Begins to Fall;Jermaine Jackson & Pia Zadora;1984
1677;All I Wanna Do;Sheryl Crow;1994
1678;A World of Our Own;The Seekers;1965
1679;Kayuta Hill;Partner;1978
1680;How Can I Be Sure;David Cassidy;1972
1681;You're a lady;Peter Skellern;1972
1682;I Feel Fine;The Beatles;1965
1683;The man who sold the world;Lulu;1974
1684;If You Go;Barry & Eileen;1975
1685;Hello Mary Lou;Ricky Nelson;1961
1686;Time Seller;The Spencer Davis Group;1967
1687;If I Can't Have You;Yvonne Elliman;1978
1688;(I Just) Died in Your Arms;Cutting Crew;1986
1689;All My Loving;The Beatles;1964
1690;Cosi Celeste;Zucchero Fornaciari;1997
1691;Le Lac Majeur;Mort Shuman;1973
1692;Sweet soul music;Arthur Conley;1967
1693;Spiegelbeeld;Willeke Alberti;1963
1694;Camouflage;Stan Ridgway;1986
1695;Let's Twist Again;Chubby Checker;1962
1696;Star;Earth, Wind & Fire;1979
1697;The show;Dizzy Man's Band;1973
1698;Zondag;Rob de Nijs;1980
1699;Because I Love;Majority One;1971
1700;My Sharona;The Knack;1979
1701;Stop! In the name of love;The Supremes;1965
1702;I'm sorry;Brenda Lee;1960
1703;Thank you for being a friend;Andrew Gold;1978
1704;Wordy Rappinghood;Tom Tom Club;1981
1705;Eén kopje koffie;VOF de Kunst;1987
1706;Alles kan een mens gelukkig maken;René Froger;1989
1707;You Were on My Mind;Crispian St. Peters;1966
1708;Popcorn;Hot Butter;1972
1709;Ça plane pour moi;Plastic Bertrand;1978
1710;Love Letters in the Sand;Pat Boone;1957
1711;Lily Was Here;David A. Stewart & Candy Dulfer;1989
1712;I don't wanna talk about it;Rod Stewart;1977
1713;Racing car;Air Bubble;1976
1714;No Particular Place to Go;Chuck Berry;1964
1715;Theme from 'The Deer Hunter';The Shadows;1979
1716;Rasputin;Boney M.;1978
1717;Liefde voor muziek;Raymond van het Groenewoud;1991
1718;Mrs Vandebilt;Paul McCartney & Wings;1974
1719;Young Americans;David Bowie;1975
1720;La ballade des gens heureux;Gérard Lenorman;1976
1721;Tom Dooley;The Kingston Trio;1959
1722;Sausolito Summernight;Diesel;1980
1723;Cracklin' Rosie;Neil Diamond;1970
1724;Howzat;Sherbet;1976
1725;(Feels like) heaven;Fiction Factory;1984
1726;True story;Twice as Much;1966
1727;Cry;Godley & Creme;1985
1728;Back for good;Take That;1995
1729;Silly Love Songs;Paul McCartney & Wings;1976
1730;I Love Rock 'n' Roll;Joan Jett & The Blackhearts;1982
1731;If I were a carpenter;Four Tops;1968
1732;Conga!;Miami Sound Machine;1986
1733;Help Me Rhonda;The Beach Boys;1965
1734;I Want to Hold Your Hand;The Beatles;1964
1735;Take it or leave it;The Searchers;1966
1736;Zoek jezelf;Koot & Bie;1975
1737;The French Song;Lucille Starr;1964
1738;Rain on the Roof;The Lovin' Spoonful;1966
1739;Spirit in the Sky;Norman Greenbaum;1970
1740;Chirpy Chirpy Cheep Cheep;Middle of the Road;1971
1741;I Know Him So Well;Elaine Paige & Barbara Dickson;1985
1742;Be my day;The Cats;1974
1743;Meisjes met rode haren;Arne Jansen & Les Cigales;1972
1744;Only Lies;Greenfield & Cook;1971
1745;Callow La Vita;Raymond Froggatt;1968
1746;Clair;Gilbert O'Sullivan;1972
1747;Now;Dave Berry;1965
1748;Mr. Spaceman;The Byrds;1966
1749;Down by the Lazy River;The Osmonds;1973
1750;(You Never Can Tell) C'est la vie;Emmylou Harris;1977
1751;Could it be magic;Donna Summer;1976
1752;Paroles;Dalida & Alain Delon;1973
1753;I Get around;The Beach Boys;1964
1754;Only a fool;Mighty Sparrow & Byron Lee;1969
1755;Holiday;Bee Gees;1967
1756;Na Na Na;The Shoes;1967
1757;Carrie;Europe;1987
1758;The Great Pretender;The Platters;1957
1759;Mozart Symphony No. 40;Waldo de los Ríos;1971
1760;(You're the) Devil in disguise;Elvis Presley;1963
1761;Dinge-dong;Teach-In;1975
1762;Ride My See-saw;Moody Blues;1968
1763;Venus;Bananarama;1986
1764;Pictures of Matchstick Men;Status Quo;1968
1765;Big yellow taxi;Joni Mitchell;1970
1766;Please go;Golden Earring;1965
1767;Petite Fleur;Chris Barber's Jazz Band;1959
1768;With You I Am Born Again;Preston & Syreeta;1980
1769;Traffic Jam;Sailor;1974
1770;Red Light;Billy Ocean;1977
1771;Man From Manhattan;Eddie Howell;1976
1772;Birds and Bees;Warm Sounds;1967
1773;Baby Please Don't Go;Them;1965
1774;Guitar King;Hank the Knife & the Jets;1975
1775;Saved by the bell;Robin Gibb;1969
1776;Willempie;André van Duin;1976
1777;Liefdesliedjes;Jazzpolitie;1993
1778;Days of Pearly Spencer;David McWilliams;1967
1779;Tearoom-tango;Wim Sonneveld;1965
1780;Day Tripper;The Beatles;1965
1781;I just don't know what to do with myself;Dusty Springfield;1964
1782;Hello Dolly;Louis Armstrong;1964
1783;More than this;Roxy Music;1982
1784;Sunny;Boney M.;1977
1785;Undercover of the Night;The Rolling Stones;1983
1786;The windmills of your mind;José Feliciano;1969
1787;Lydia;Dean Friedman;1979
1788;I've Been Thinking About You;Londonbeat;1990
1789;Only you;Flying Pickets;1984
1790;You're My Heart, You're My Soul;Modern Talking;1985
1791;I'm Specialized in You;Time Bandits;1983
1792;Do Wah Diddy Diddy;Manfred Mann;1964
1793;The Witch Queen of New Orleans;Redbone;1971
1794;Sugar Me;Lynsey de Paul;1972
1795;Only one woman;Marbles;1968
1796;Would I lie to you?;Charles & Eddie;1992
1797;The banner man;Blue Mink;1971
1798;When You're Gone;Maggie MacNeal;1975
1799;Big love;Fleetwood Mac;1987
1800;(You gotta walk) don't look back;Peter Tosh & Mick Jagger;1979
1801;Yeke Yeke;Mory Kanté;1988
1802;Cheek to Cheek;Lowell George;1979
1803;Sjakie Van De Hoek;Conny Vandenbos;1975
1804;My Lady of Spain;The Classics;1972
1805;Sail Along Silvery Moon;Billy Vaughn Orchestra;1958
1806;Iedereen doet 't;Robert Long;1986
1807;Funkin' for Jamaica (N.Y.);Tom Browne;1981
1808;Do it again;The Beach Boys;1968
1809;Dag Zuster Ursula;Rob de Nijs;1973
1810;Intro/Sweet Jane;Lou Reed;1974
1811;Fame;Irene Cara;1983
1812;Osaka;The Shoes;1970
1813;Leonie;Arjan Brass;1976
1814;Only You (And You Alone);The Platters;1957
1815;Oude school;Don Quishocking;1974
1816;Stand by Your Man;Tammy Wynette;1975
1817;For America;Red Box;1987
1818;Gente di mare;Tozzi & Raf;1987
1819;City to city;Gerry Rafferty;1978
1820;Margio;The Rob Hoeke Rhythm & Blues Group;1966
1821;Man of Action;Les Reed Orchestra;1970
1822;Voici Les Cles;Gérard Lenorman;1977
1823;Carwash;Rose Royce;1977
1824;Both Sides Now;Euson;1971
1825;Stimmen im Wind;Juliane Werding;1986
1826;Baby I love you;Andy Kim;1969
1827;Stars on 45;Stars on 45;1981
1828;Red sails in the sunset;Fats Domino;1963
1829;Take her home;Ro-d-Ys;1967
1830;Listen to What the Man Said;Paul McCartney & Wings;1973
1831;Tu te reconnaîtras;Anne-Marie David;1973
1832;Posion arrow;ABC;1982
1833;Ela ela;Axis;1972
1834;Happy Jack;The Who;1966
1835;Always on my mind;Willie Nelson;1984
1836;The Girl Is Mine;Michael Jackson & Paul McCartney;1982
1837;When the Going Gets Tough, the Tough Get Going;Billy Ocean;1986
1838;Hot Shot;Karen Young;1978
1839;Love me tender;Elvis Presley;1956
1840;Je wordt ouder papa;Peter Koelewijn;1977
1841;Crying;Don McLean;1980
1842;True love;Grace Kelly & Bing Crosby;1956
1843;Hot Love;T. Rex;1971
1844;If I Had Words;Scott Fitzgerald & Yvonne Keeley;1977
1845;Glad All Over;The Dave Clark Five;1964
1846;Popmuzik;M;1979
1847;Robert De Niro's Waiting;Bananarama;1984
1848;Now That We Found Love;Third World;1979
1849;Margrietje (de rozen zullen bloeien);Louis Neefs;1972
1850;Stay with Me Till Dawn;Judie Tzuke;1979
1851;There's No More Corn on the Brasos;The Walkers;1971
1852;Please Don't Go;KC & the Sunshine Band;1979
1853;Evergreen;Barbra Streisand;1977
1854;Juke box jive;The Rubettes;1974
1855;Rawhide;Frankie Laine;1958
1856;Material Girl;Madonna;1985
1857;How come how long;Stevie Wonder & Babyface;1997
1858;Kom uit de bedstee m'n liefste;Egbert Douwe;1968
1859;Milord;Edith Piaf;1960
1860;Heartbreaker;Dionne Warwick;1982
1861;If I had a hammer;Trini Lopez;1963
1862;Bette Davis Eyes;Kim Carnes;1981
1863;Let's dance;The Cats;1972
1864;Si Tu Dois Partir, Va-t-en;Fairport Convention;1969
1865;Spooky's Day Off;Swinging Soul Machine;1969
1866;Something Stupid;Nancy Sinatra & Frank Sinatra;1967
1867;Crimson and Clover;Tommy James and the Shondells;1969
1868;Wake Up Little Susie;The Everly Brothers;1958
1869;Ring ring;ABBA;1973
1870;Yesterday Man;Chris Andrews;1965
1871;I should have known better;The Beatles;1964
1872;She Drives Me Crazy;Fine Young Cannibals;1989
1873;Higher love;Steve Winwood;1986
1874;Jin-go-lo-ba;Santana;1970
1875;Sittin' on a fence;Twice as Much;1966
1876;Moviestar;Harpo;1975
1877;For Ever and Ever;Slik;1976
1878;Manic Monday;The Bangles;1986
1879;Manuela;Jacques Herb;1971
1880;Windforce 11;Nadieh;1987
1881;The wanderer;Status Quo;1984
1882;Alane;Wes;1997
1883;Eye in the sky;The Alan Parsons Project;1982
1884;La poupée qui fait non;Michel Polnareff;1966
1885;2000 Miles;The Pretenders;1983
1886;Love don't live here anymore;Rose Royce;1978
1887;Let It Be Me;The Everly Brothers;1960
1888;Sunny Girl;The Hep Stars;1968
1889;If I Stay Too Long;Big Wheel;1969
1890;Everybody's Somebody's Fool;Connie Francis;1960
1891;Marina;Rocco Granata;1959
1892;Kiss and Say Goodbye;The Manhattans;1976
1893;Words;F.R. David;1982
1894;Oh! Carol;Neil Sedaka;1960
1895;Heel even;Shirley Zwerus;1981
1896;Le Meteque;Georges Moustaki;1969
1897;Donna;Ritchie Valens;1964
1898;Ik zou wel eens willen weten;Jules de Corte;1955
1899;C'est Moi;C. Jérôme;1974
1900;Ebony and Ivory;Paul McCartney & Stevie Wonder;1982
1901;Into the Groove;Madonna;1985
1902;The Baby;The Hollies;1972
1903;Rosie;Joan Armatrading;1980
1904;Baby love;Diana Ross & The Supremes;1964
1905;Dear Mrs. Applebee;David Garrick;1966
1906;Smoke gets in your eyes;The Platters;1959
1907;Daddy Cool;Boney M.;1976
1908;Sweet Freedom;Michael McDonald;1986
1909;Something in the air;Thunderclap Newman;1969
1910;Je t'aime... moi non plus;Serge Gainsbourg & Jane Birkin;1969
1911;Try Jah love;Third World;1982
1912;Everybody Loves Somebody;Dean Martin;1964
1913;La mamma;Corry Brokken;1964
1914;Blue Moon;Marcels;1961
1915;I'll Be Your Baby Tonight;Bob Dylan;1967
1916;All the Young Dudes;Mott The Hoople;1972
1917;Voulez-vous;ABBA;1979
1918;We are family;Sister Sledge;1979
1919;Whenever I Call You Friend;Kenny Loggins & Stevie Nicks;1978
1920;Love Shine a Light;Katrina & the Waves;1997
1921;Hello, how are you;The Easybeats;1968
1922;Blame It on the Boogie;The Jacksons;1978
1923;Only when you leave;Spandau Ballet;1983
1924;What's another year;Johnny Logan;1980
1925;Cokane in My Brain;Dillinger;1977
1926;Freedom;Wham!;1984
1927;Hi Hi Hi;Paul McCartney & Wings;1972
1928;Come Back My Love;Darts;1978
1929;Queen for Tonight;Helen Shapiro;1963
1930;Kids in America;Kim Wilde;1981
1931;Back Stabbers;The O'Jays;1972
1932;Holiday;Madonna;1984
1933;Oh, Happy Day;Edwin Hawkins Singers;1969
1934;I Can't Stop Loving You;Ray Charles;1962
1935;Life;Des'ree;1998
1936;Soley Soley;Middle of the Road;1971
1937;Lambada;Kaoma;1989
1938;Sorry Suzanne;The Hollies;1969
1939;Goldfinger;Shirley Bassey;1964
1940;Mendocino;Sir Douglas Quintet;1969
1941;Ma Belle Amie;Tee Set;1969
1942;Kon ik maar even bij je zijn;Gordon;1991
1943;With a Girl Like You;The Troggs;1966
1944;De dans van Zorba;Trio Hellenique;1965
1945;Personality;Lloyd Price;1959
1946;They Shoot Horses Don't They;Racing Cars;1977
1947;Summertime;Billy Stewart;1966
1948;Anyone Who Had a Heart;Cilla Black;1964
1949;All Around the World;Lisa Stansfield;1989
1950;Love Is in the Air;John Paul Young;1977
1951;Is That All There Is?;Peggy Lee;1969
1952;Georgia on My Mind;Ray Charles;1960
1953;If I Only Had Time;John Rowles;1968
1954;Why Did You Do It;Stretch;1976
1955;Rain in May;Max Werner;1981
1956;Come Back and Stay;Paul Young;1983
1957;Bernadette;Four Tops;1967
1958;Never can say goodbye;Gloria Gaynor;1975
1959;The Israelites;Desmond Dekker & The Aces;1969
1960;Blackberry Way;The Move;1968
1961;What's a Matter Baby;Ellen Foley;1979
1962;Margootje;Wim Sonneveld;1965
1963;Help Me Make It Through the Night;Gladys Knight & the Pips;1971
1964;Funky Town;Lipps Inc.;1980
1965;Sex & Drugs & Rock & Roll;Ian Dury & Blockheads;1978
1966;Ik wil jou;Polle Eduard;1979
1967;C'mon Everybody;Eddie Cochran;1957
1968;Fresh;Kool & The Gang;1984
1969;Rock the boat;Hues Corporation;1974
1970;Barbara Ann;The Beach Boys;1966
1971;9 to 5;Dolly Parton;1981
1972;Simon says;1910 Fruitgum Company;1968
1973;Please Don't Tease;Cliff Richard;1960
1974;December, 1963 (Oh, What a Night);The Four Seasons;1976
1975;Show Me Heaven;Maria McKee;1990
1976;All I really want to do;The Byrds;1965
1977;I Saw Her Again;The Mamas and the Papas;1966
1978;More Than I Can Bear;Matt Bianco;1984
1979;Don Juan;Dave Dee, Dozy, Beaky, Mick & Tich;1969
1980;It's a heartache;Bonnie Tyler;1978
1981;How do I live;LeAnn Rimes;1998
1982;Here It Comes Again;The Fortunes;1965
1983;All day and all of the night;The Kinks;1964
1984;Carrie-Anne;The Hollies;1967
1985;Big city;Tol Hansse;1978
1986;De vogeltjesdans;De Electronica's;1980
1987;Sign Your Name;Terence Trent D'Arby;1988
1988;Release me;Engelbert Humperdinck;1967
1989;Swinging on a Star;Spooky and Sue;1974
1990;Vaya con Dios;The Cats;1972
1991;Out of time;Chris Farlowe;1966
1992;Sag Mir Wo Die Blumen Sind;Marlene Dietrich;1963
1993;Sincerita;Riccardo Cocciante;1984
1994;Stay with me;The Faces;1972
1995;Can't Stay Away From You;Gloria Estefan & Miami Sound Machine;1988
1996;Zuiderzeeballade;Sylvain Poons & Oetze Verschoor;1962
1997;Groovin';Young Rascals;1967
1998;Cherish;Kool & The Gang;1985
1999;Delilah;Tom Jones;1968
2000;That's the way (I like it);KC & the Sunshine Band;1975
